-0.0
-0.0
-0.0
-0.0
-0.0
-0.0
-0.0
0.0
0.0
0.0
0.0
0.0
0.0
0.0
0.0
0.0
0.0
0.0
0.0
0.0
0.0
15.25876235961914
15.25876235961914
15.25876235961914
15.25876235961914
15.25876235961914
15.25876235961914
22.295000076293945
22.295000076293945
22.295000076293945
22.295000076293945
22.295000076293945
26.695213317871094
26.695213317871094
26.695213317871094
26.695213317871094
26.695213317871094
29.97672462463379
29.97672462463379
29.97672462463379
29.97672462463379
33.59382629394531
33.59382629394531
33.59382629394531
35.579402923583984
35.579402923583984
35.579402923583984
35.579402923583984
37.454105377197266
37.454105377197266
37.454105377197266
40.37348556518555
40.37348556518555
40.37348556518555
40.37348556518555
41.2712287902832
41.2712287902832
41.2712287902832
43.10846710205078
43.10846710205078
43.10846710205078
45.147377014160156
45.147377014160156
45.147377014160156
45.39274597167969
45.39274597167969
47.18793487548828
47.18793487548828
47.18793487548828
47.76134490966797
47.76134490966797
47.76134490966797
49.421688079833984
49.421688079833984
49.421688079833984
49.641990661621094
49.641990661621094
52.03903579711914
52.03903579711914
52.03903579711914
51.998538970947266
51.998538970947266
52.44750213623047
52.44750213623047
52.44750213623047
54.323673248291016
54.323673248291016
54.059967041015625
54.059967041015625
54.059967041015625
54.94911193847656
54.94911193847656
56.24420928955078
56.24420928955078
55.542911529541016
55.542911529541016
55.542911529541016
56.81813049316406
56.81813049316406
56.62552261352539
56.62552261352539
58.00183868408203
58.00183868408203
58.00183868408203
57.60182571411133
57.60182571411133
59.872867584228516
59.872867584228516
59.288482666015625
59.288482666015625
59.288482666015625
59.39388656616211
59.39388656616211
61.13277053833008
61.13277053833008
60.19650650024414
60.19650650024414
58.92250442504883
58.92250442504883
58.92250442504883
56.24420928955078
56.24420928955078
50.126121520996094
50.126121520996094
50.126121520996094
46.466007232666016
46.466007232666016
46.466007232666016
40.66836166381836
40.66836166381836
40.66836166381836
40.66836166381836
35.904415130615234
35.904415130615234
35.904415130615234
35.904415130615234
35.904415130615234
28.591407775878906
28.591407775878906
28.591407775878906
28.591407775878906
28.591407775878906
28.591407775878906
21.878887176513672
21.878887176513672
21.878887176513672
21.878887176513672
21.878887176513672
21.878887176513672
21.878887176513672
21.878887176513672
21.878887176513672
21.878887176513672
0.0
0.0
0.0
0.0
0.0
0.0
0.0
0.0
0.0
0.0
0.0
0.0
0.0
0.0
0.0
0.0
0.0
0.0
0.0
4.6269731521606445
4.6269731521606445
4.6269731521606445
4.6269731521606445
4.6269731521606445
4.6269731521606445
4.6269731521606445
4.6269731521606445
4.6269731521606445
14.522521018981934
14.522521018981934
14.522521018981934
14.522521018981934
14.522521018981934
14.522521018981934
22.45987319946289
22.45987319946289
22.45987319946289
22.45987319946289
22.45987319946289
25.85840606689453
25.85840606689453
25.85840606689453
25.85840606689453
25.85840606689453
29.617961883544922
29.617961883544922
29.617961883544922
29.617961883544922
32.75397872924805
32.75397872924805
32.75397872924805
32.75397872924805
34.638736724853516
34.638736724853516
34.638736724853516
37.245323181152344
37.245323181152344
37.245323181152344
37.245323181152344
38.938297271728516
38.938297271728516
38.938297271728516
41.2712287902832
41.2712287902832
41.2712287902832
42.42420196533203
42.42420196533203
42.42420196533203
45.20846939086914
45.20846939086914
45.20846939086914
45.860069274902344
45.860069274902344
45.860069274902344
46.82419204711914
46.82419204711914
49.022830963134766
49.022830963134766
49.022830963134766
49.239585876464844
49.239585876464844
49.239585876464844
50.42877197265625
50.42877197265625
51.998538970947266
51.998538970947266
51.998538970947266
51.636878967285156
51.636878967285156
53.0723762512207
53.0723762512207
53.0723762512207
53.24153137207031
53.24153137207031
54.589969635009766
54.589969635009766
54.589969635009766
54.45649337768555
54.45649337768555
56.81813049316406
56.81813049316406
56.81813049316406
56.3865966796875
56.3865966796875
56.67354965209961
56.67354965209961
58.40744400024414
58.40744400024414
58.40744400024414
57.8511848449707
57.8511848449707
58.66384506225586
58.66384506225586
59.92655944824219
59.92655944824219
58.87058639526367
58.87058639526367
58.87058639526367
60.1423225402832
60.1423225402832
59.81926345825195
59.81926345825195
61.021114349365234
61.021114349365234
59.55269241333008
59.55269241333008
58.50973892211914
58.50973892211914
58.50973892211914
53.36910629272461
53.36910629272461
53.36910629272461
48.59499740600586
48.59499740600586
48.59499740600586
44.27973556518555
44.27973556518555
44.27973556518555
38.556331634521484
38.556331634521484
38.556331634521484
38.556331634521484
32.57831573486328
32.57831573486328
32.57831573486328
32.57831573486328
32.57831573486328
26.151905059814453
26.151905059814453
26.151905059814453
26.151905059814453
26.151905059814453
26.151905059814453
26.151905059814453
26.151905059814453
26.151905059814453
15.148065567016602
15.148065567016602
15.148065567016602
15.148065567016602
15.148065567016602
15.148065567016602
15.148065567016602
15.148065567016602
15.148065567016602
15.148065567016602
0.0
0.0
0.0
0.0
0.0
0.0
0.0
0.0
0.0
0.0
0.0
0.0
0.0
0.0
0.0
0.0
5.2492828369140625
5.2492828369140625
5.2492828369140625
5.2492828369140625
5.2492828369140625
5.2492828369140625
5.2492828369140625
5.2492828369140625
5.2492828369140625
5.2492828369140625
0.0
12.102538108825684
12.102538108825684
12.102538108825684
12.102538108825684
12.102538108825684
12.102538108825684
20.74452781677246
20.74452781677246
20.74452781677246
20.74452781677246
20.74452781677246
25.309892654418945
25.309892654418945
25.309892654418945
25.309892654418945
25.309892654418945
28.726619720458984
28.726619720458984
28.726619720458984
28.726619720458984
32.326133728027344
32.326133728027344
32.326133728027344
32.326133728027344
34.53132629394531
34.53132629394531
34.53132629394531
34.53132629394531
36.552581787109375
36.552581787109375
36.552581787109375
39.51396560668945
39.51396560668945
39.51396560668945
40.520389556884766
40.520389556884766
40.520389556884766
40.520389556884766
42.5593147277832
42.5593147277832
42.5593147277832
44.634681701660156
44.634681701660156
44.634681701660156
44.99536895751953
44.99536895751953
46.857025146484375
46.857025146484375
46.857025146484375
47.489776611328125
47.489776611328125
47.489776611328125
49.239585876464844
49.239585876464844
49.239585876464844
49.531593322753906
49.531593322753906
51.958099365234375
51.958099365234375
51.958099365234375
51.998538970947266
51.998538970947266
52.52996826171875
52.52996826171875
52.52996826171875
54.36787796020508
54.36787796020508
54.1475830078125
54.1475830078125
54.1475830078125
55.130462646484375
55.130462646484375
56.52971267700195
56.52971267700195
55.728206634521484
55.728206634521484
55.728206634521484
57.10950469970703
57.10950469970703
56.963443756103516
56.963443756103516
58.25468063354492
58.25468063354492
58.25468063354492
57.90132141113281
57.90132141113281
60.08823776245117
60.08823776245117
59.65903091430664
59.65903091430664
59.65903091430664
59.65903091430664
59.65903091430664
61.41371536254883
61.41371536254883
60.743743896484375
60.743743896484375
61.41371536254883
61.41371536254883
62.56378173828125
62.56378173828125
60.25078582763672
60.25078582763672
60.25078582763672
58.25468063354492
58.25468063354492
53.24153137207031
53.24153137207031
53.24153137207031
49.56834030151367
49.56834030151367
49.56834030151367
43.64344787597656
43.64344787597656
43.64344787597656
40.05882263183594
40.05882263183594
40.05882263183594
40.05882263183594
33.292537689208984
33.292537689208984
33.292537689208984
33.292537689208984
33.292537689208984
26.441679000854492
26.441679000854492
26.441679000854492
26.441679000854492
26.441679000854492
26.441679000854492
26.441679000854492
26.441679000854492
17.359865188598633
17.359865188598633
17.359865188598633
17.359865188598633
17.359865188598633
17.359865188598633
17.359865188598633
17.359865188598633
17.359865188598633
17.359865188598633
0.0
0.0
0.0
0.0
0.0
0.0
0.0
0.0
0.0
0.0
0.0
0.0
0.0
0.0
0.0
0.0
0.0
0.0
0.0
0.0
0.0
0.0
0.0
0.0
0.0
3.767159938812256
3.767159938812256
3.767159938812256
3.767159938812256
3.767159938812256
3.767159938812256
3.767159938812256
19.74530601501465
19.74530601501465
19.74530601501465
19.74530601501465
19.74530601501465
19.74530601501465
24.61072540283203
24.61072540283203
24.61072540283203
24.61072540283203
27.992509841918945
27.992509841918945
27.992509841918945
27.992509841918945
27.992509841918945
31.252626419067383
31.252626419067383
31.252626419067383
31.252626419067383
33.7294921875
33.7294921875
33.7294921875
36.49269485473633
36.49269485473633
36.49269485473633
36.49269485473633
38.203617095947266
38.203617095947266
38.203617095947266
41.11884307861328
41.11884307861328
41.11884307861328
42.26319885253906
42.26319885253906
42.26319885253906
43.529720306396484
43.529720306396484
43.529720306396484
45.95469284057617
45.95469284057617
45.95469284057617
46.36927032470703
46.36927032470703
46.36927032470703
47.8297233581543
47.8297233581543
47.8297233581543
49.531593322753906
49.531593322753906
49.34868240356445
49.34868240356445
49.34868240356445
50.96729278564453
50.96729278564453
50.96729278564453
51.24089050292969
51.24089050292969
52.73727035522461
52.73727035522461
52.73727035522461
52.820648193359375
52.820648193359375
55.130462646484375
55.130462646484375
54.94911193847656
54.94911193847656
54.94911193847656
55.26726150512695
55.26726150512695
57.10950469970703
57.10950469970703
57.10950469970703
56.67354965209961
56.67354965209961
57.55221176147461
57.55221176147461
58.87058639526367
58.87058639526367
58.87058639526367
57.90132141113281
57.90132141113281
59.235923767089844
59.235923767089844
58.974510192871094
58.974510192871094
60.25078582763672
60.25078582763672
59.76576232910156
59.76576232910156
59.76576232910156
62.04096603393555
62.04096603393555
61.41371536254883
61.41371536254883
61.470211029052734
61.470211029052734
63.155120849609375
63.155120849609375
61.13277053833008
61.13277053833008
61.13277053833008
58.20393753051758
58.20393753051758
54.99433898925781
54.99433898925781
54.99433898925781
48.73677444458008
48.73677444458008
48.73677444458008
44.575130462646484
44.575130462646484
44.575130462646484
38.60087585449219
38.60087585449219
38.60087585449219
38.60087585449219
33.442501068115234
33.442501068115234
33.442501068115234
33.442501068115234
33.442501068115234
25.669660568237305
25.669660568237305
25.669660568237305
25.669660568237305
25.669660568237305
25.669660568237305
25.669660568237305
25.669660568237305
17.756608963012695
17.756608963012695
17.756608963012695
17.756608963012695
17.756608963012695
17.756608963012695
17.756608963012695
17.756608963012695
17.756608963012695
17.756608963012695
0.0
0.0
0.0
0.0
0.0
0.0
0.0
0.0
0.0
0.0
0.0
0.0
0.0
0.0
0.0
0.0
0.0
4.874388694763184
4.874388694763184
4.874388694763184
4.874388694763184
4.874388694763184
4.874388694763184
4.874388694763184
4.874388694763184
4.874388694763184
4.874388694763184
0.0
0.0
11.712203025817871
11.712203025817871
11.712203025817871
11.712203025817871
11.712203025817871
11.712203025817871
11.712203025817871
19.681331634521484
19.681331634521484
19.681331634521484
19.681331634521484
19.681331634521484
25.4448299407959
25.4448299407959
25.4448299407959
25.4448299407959
25.4448299407959
28.288787841796875
28.288787841796875
28.288787841796875
28.288787841796875
31.60743522644043
31.60743522644043
31.60743522644043
31.60743522644043
34.54918670654297
34.54918670654297
34.54918670654297
36.17656707763672
36.17656707763672
36.17656707763672
36.17656707763672
38.62318801879883
38.62318801879883
38.62318801879883
40.13100051879883
40.13100051879883
40.13100051879883
42.34354782104492
42.34354782104492
42.34354782104492
43.41658401489258
43.41658401489258
43.41658401489258
46.081459045410156
46.081459045410156
46.081459045410156
46.66069793701172
46.66069793701172
46.66069793701172
47.55738067626953
47.55738067626953
47.55738067626953
49.75288009643555
49.75288009643555
49.8642692565918
49.8642692565918
49.8642692565918
51.08418655395508
51.08418655395508
52.654151916503906
52.654151916503906
52.654151916503906
52.16090393066406
52.16090393066406
53.6260986328125
53.6260986328125
53.6260986328125
53.842159271240234
53.842159271240234
55.221588134765625
55.221588134765625
55.221588134765625
55.039634704589844
55.039634704589844
57.35460662841797
57.35460662841797
57.35460662841797
57.012046813964844
57.012046813964844
57.25631332397461
57.25631332397461
59.02660369873047
59.02660369873047
58.50973892211914
58.50973892211914
58.50973892211914
59.235923767089844
59.235923767089844
60.578529357910156
60.578529357910156
59.49966049194336
59.49966049194336
60.799015045166016
60.799015045166016
60.4688835144043
60.4688835144043
60.4688835144043
61.69724655151367
61.69724655151367
61.13277053833008
61.13277053833008
63.334712982177734
63.334712982177734
61.470211029052734
61.470211029052734
58.25468063354492
58.25468063354492
58.25468063354492
55.039634704589844
55.039634704589844
55.039634704589844
50.16374969482422
50.16374969482422
45.42360305786133
45.42360305786133
45.42360305786133
45.42360305786133
40.99271011352539
40.99271011352539
40.99271011352539
40.99271011352539
33.90061950683594
33.90061950683594
33.90061950683594
33.90061950683594
28.336774826049805
28.336774826049805
28.336774826049805
28.336774826049805
28.336774826049805
28.336774826049805
28.336774826049805
19.61201286315918
19.61201286315918
19.61201286315918
19.61201286315918
19.61201286315918
19.61201286315918
19.61201286315918
19.61201286315918
19.61201286315918
19.61201286315918
0.0
0.0
0.0
0.0
0.0
0.0
0.0
0.0
-7.634611129760742
-7.634611129760742
-7.634611129760742
-7.634611129760742
-7.634611129760742
-7.634611129760742
-7.634611129760742
-7.634611129760742
-7.634611129760742
-7.634611129760742
0.0
0.0
0.0
0.0
0.0
0.0
0.0
0.0
0.0
0.0
6.536057949066162
6.536057949066162
6.536057949066162
6.536057949066162
6.536057949066162
6.536057949066162
6.536057949066162
19.469148635864258
19.469148635864258
19.469148635864258
19.469148635864258
19.469148635864258
24.574522018432617
24.574522018432617
24.574522018432617
24.574522018432617
24.574522018432617
28.13394546508789
28.13394546508789
28.13394546508789
28.13394546508789
28.13394546508789
31.034889221191406
31.034889221191406
31.034889221191406
34.620784759521484
34.620784759521484
34.620784759521484
34.620784759521484
36.23542404174805
36.23542404174805
36.23542404174805
36.23542404174805
38.62318801879883
38.62318801879883
38.62318801879883
41.06829833984375
41.06829833984375
41.06829833984375
41.865989685058594
41.865989685058594
41.865989685058594
43.930389404296875
43.930389404296875
43.930389404296875
44.9046516418457
44.9046516418457
44.9046516418457
46.7586555480957
46.7586555480957
46.7586555480957
47.35515213012695
47.35515213012695
49.827083587646484
49.827083587646484
49.827083587646484
50.0135612487793
50.0135612487793
50.0135612487793
50.696598052978516
50.696598052978516
52.654151916503906
52.654151916503906
52.654151916503906
52.52996826171875
52.52996826171875
53.6260986328125
53.6260986328125
53.6260986328125
55.08501052856445
55.08501052856445
54.323673248291016
54.323673248291016
55.774723052978516
55.774723052978516
55.774723052978516
55.774723052978516
55.774723052978516
57.10950469970703
57.10950469970703
57.10950469970703
56.866485595703125
56.866485595703125
59.13107681274414
59.13107681274414
58.66384506225586
58.66384506225586
58.81876754760742
58.81876754760742
58.81876754760742
60.52366256713867
60.52366256713867
59.9803581237793
59.9803581237793
60.68857192993164
60.68857192993164
61.925968170166016
61.925968170166016
60.743743896484375
60.743743896484375
60.743743896484375
61.925968170166016
61.925968170166016
61.583518981933594
61.583518981933594
62.740020751953125
62.740020751953125
61.41371536254883
61.41371536254883
60.63350296020508
60.63350296020508
60.63350296020508
55.49677658081055
55.49677658081055
51.00619888305664
51.00619888305664
51.00619888305664
46.88991165161133
46.88991165161133
46.88991165161133
41.245750427246094
41.245750427246094
41.245750427246094
41.245750427246094
35.71251678466797
35.71251678466797
35.71251678466797
35.71251678466797
35.71251678466797
30.01712417602539
30.01712417602539
30.01712417602539
30.01712417602539
30.01712417602539
30.01712417602539
20.796178817749023
20.796178817749023
20.796178817749023
20.796178817749023
20.796178817749023
20.796178817749023
20.796178817749023
20.796178817749023
20.796178817749023
20.796178817749023
0.0
0.0
0.0
0.0
0.0
0.0
0.0
0.0
0.0
0.0
0.0
-6.279308319091797
-6.279308319091797
-6.279308319091797
-6.279308319091797
-6.279308319091797
-6.279308319091797
-6.279308319091797
-6.279308319091797
-6.279308319091797
-6.279308319091797
0.0
0.0
0.0
0.0
0.0
0.0
8.456918716430664
8.456918716430664
8.456918716430664
8.456918716430664
8.456918716430664
8.456918716430664
8.456918716430664
17.99087905883789
17.99087905883789
17.99087905883789
17.99087905883789
17.99087905883789
17.99087905883789
23.305936813354492
23.305936813354492
23.305936813354492
23.305936813354492
23.305936813354492
27.294984817504883
27.294984817504883
27.294984817504883
27.294984817504883
31.194265365600586
31.194265365600586
31.194265365600586
31.194265365600586
33.62763977050781
33.62763977050781
33.62763977050781
33.62763977050781
35.84663391113281
35.84663391113281
35.84663391113281
35.84663391113281
38.91562271118164
38.91562271118164
38.91562271118164
40.03482437133789
40.03482437133789
40.03482437133789
42.076900482177734
42.076900482177734
42.076900482177734
44.19187545776367
44.19187545776367
44.19187545776367
44.604888916015625
44.604888916015625
44.604888916015625
46.466007232666016
46.466007232666016
46.466007232666016
47.12138366699219
47.12138366699219
47.12138366699219
48.8793830871582
48.8793830871582
49.20332717895508
49.20332717895508
49.20332717895508
51.636878967285156
51.636878967285156
51.67681121826172
51.67681121826172
51.67681121826172
52.242469787597656
52.242469787597656
54.10374069213867
54.10374069213867
54.10374069213867
53.92906951904297
53.92906951904297
54.85888671875
54.85888671875
54.85888671875
56.24420928955078
56.24420928955078
55.542911529541016
55.542911529541016
56.72166061401367
56.72166061401367
56.72166061401367
56.914920806884766
56.914920806884766
58.15327835083008
58.15327835083008
57.751182556152344
57.751182556152344
57.751182556152344
60.03424835205078
60.03424835205078
59.60581588745117
59.60581588745117
59.71234893798828
59.71234893798828
61.35731887817383
61.35731887817383
61.35731887817383
60.743743896484375
60.743743896484375
61.470211029052734
61.470211029052734
62.6811637878418
62.6811637878418
61.41371536254883
61.41371536254883
62.38853073120117
62.38853073120117
59.65903091430664
59.65903091430664
59.65903091430664
56.963443756103516
56.963443756103516
51.55718994140625
51.55718994140625
51.55718994140625
48.807979583740234
48.807979583740234
48.807979583740234
42.83212661743164
42.83212661743164
42.83212661743164
42.83212661743164
37.286895751953125
37.286895751953125
37.286895751953125
37.286895751953125
31.50312042236328
31.50312042236328
31.50312042236328
31.50312042236328
31.50312042236328
24.403989791870117
24.403989791870117
24.403989791870117
24.403989791870117
24.403989791870117
24.403989791870117
24.403989791870117
24.403989791870117
24.403989791870117
24.403989791870117
13.72317123413086
13.72317123413086
13.72317123413086
13.72317123413086
13.72317123413086
13.72317123413086
13.72317123413086
13.72317123413086
13.72317123413086
13.72317123413086
0.0
0.0
0.0
0.0
0.0
0.0
0.0
0.0
0.0
0.0
0.0
0.0
0.0
0.0
0.0
0.0
0.0
0.0
0.0
4.598315715789795
4.598315715789795
4.598315715789795
4.598315715789795
4.598315715789795
4.598315715789795
4.598315715789795
4.598315715789795
4.598315715789795
15.237882614135742
15.237882614135742
15.237882614135742
15.237882614135742
15.237882614135742
15.237882614135742
22.198711395263672
22.198711395263672
22.198711395263672
22.198711395263672
22.198711395263672
26.431217193603516
26.431217193603516
26.431217193603516
26.431217193603516
26.431217193603516
29.644241333007812
29.644241333007812
29.644241333007812
29.644241333007812
32.818328857421875
32.818328857421875
32.818328857421875
32.818328857421875
34.928443908691406
34.928443908691406
34.928443908691406
38.0296630859375
38.0296630859375
38.0296630859375
39.467288970947266
39.467288970947266
39.467288970947266
39.467288970947266
40.99271011352539
40.99271011352539
40.99271011352539
43.61496353149414
43.61496353149414
43.61496353149414
44.22112274169922
44.22112274169922
44.22112274169922
45.860069274902344
45.860069274902344
47.72722625732422
47.72722625732422
47.72722625732422
47.76134490966797
47.76134490966797
47.76134490966797
49.45826721191406
49.45826721191406
49.45826721191406
49.90150833129883
49.90150833129883
51.51744079589844
51.51744079589844
51.51744079589844
51.59700012207031
51.59700012207031
54.01626205444336
54.01626205444336
54.01626205444336
53.842159271240234
53.842159271240234
54.279541015625
54.279541015625
54.279541015625
56.149681091308594
56.149681091308594
55.728206634521484
55.728206634521484
56.67354965209961
56.67354965209961
56.67354965209961
58.00183868408203
58.00183868408203
57.15835952758789
57.15835952758789
58.45854568481445
58.45854568481445
58.45854568481445
58.25468063354492
58.25468063354492
59.55269241333008
59.55269241333008
59.13107681274414
59.13107681274414
61.470211029052734
61.470211029052734
61.470211029052734
60.743743896484375
60.743743896484375
60.90986251831055
60.90986251831055
62.56378173828125
62.56378173828125
61.868629455566406
61.868629455566406
61.583518981933594
61.583518981933594
59.49966049194336
59.49966049194336
59.49966049194336
53.71231460571289
53.71231460571289
53.71231460571289
50.42877197265625
50.42877197265625
50.42877197265625
44.814300537109375
44.814300537109375
44.814300537109375
40.30043029785156
40.30043029785156
40.30043029785156
40.30043029785156
33.442501068115234
33.442501068115234
33.442501068115234
33.442501068115234
33.442501068115234
28.157655715942383
28.157655715942383
28.157655715942383
28.157655715942383
28.157655715942383
28.157655715942383
28.157655715942383
18.87517547607422
18.87517547607422
18.87517547607422
18.87517547607422
18.87517547607422
18.87517547607422
18.87517547607422
18.87517547607422
18.87517547607422
18.87517547607422
0.0
0.0
0.0
0.0
0.0
-8.481609344482422
-8.481609344482422
-8.481609344482422
-8.481609344482422
-8.481609344482422
-8.481609344482422
-8.481609344482422
-8.481609344482422
-8.481609344482422
-8.481609344482422
0.0
0.0
0.0
0.0
0.0
0.0
0.0
0.0
0.0
0.0
0.0
0.0
0.0
0.0
5.753239154815674
5.753239154815674
5.753239154815674
5.753239154815674
5.753239154815674
5.753239154815674
21.252582550048828
21.252582550048828
21.252582550048828
21.252582550048828
21.252582550048828
25.05366325378418
25.05366325378418
25.05366325378418
25.05366325378418
25.05366325378418
28.888076782226562
28.888076782226562
28.888076782226562
28.888076782226562
32.0163459777832
32.0163459777832
32.0163459777832
32.0163459777832
33.797733306884766
33.797733306884766
33.797733306884766
33.797733306884766
36.29446792602539
36.29446792602539
36.29446792602539
37.964839935302734
37.964839935302734
37.964839935302734
37.964839935302734
40.30043029785156
40.30043029785156
40.30043029785156
41.52772903442383
41.52772903442383
41.52772903442383
44.19187545776367
44.19187545776367
44.19187545776367
44.965087890625
44.965087890625
44.965087890625
46.11326217651367
46.11326217651367
48.278987884521484
48.278987884521484
48.278987884521484
48.59499740600586
48.59499740600586
48.59499740600586
49.90150833129883
49.90150833129883
51.51744079589844
51.51744079589844
51.51744079589844
51.24089050292969
51.24089050292969
51.24089050292969
52.73727035522461
52.73727035522461
52.94621276855469
52.94621276855469
52.94621276855469
54.41215133666992
54.41215133666992
54.41215133666992
54.41215133666992
56.62552261352539
56.62552261352539
56.62552261352539
56.3865966796875
56.3865966796875
56.72166061401367
56.72166061401367
58.40744400024414
58.40744400024414
58.40744400024414
57.951534271240234
57.951534271240234
58.81876754760742
58.81876754760742
59.9803581237793
59.9803581237793
59.02660369873047
59.02660369873047
59.02660369873047
60.25078582763672
60.25078582763672
59.9803581237793
59.9803581237793
61.13277053833008
61.13277053833008
60.743743896484375
60.743743896484375
62.858062744140625
62.858062744140625
62.858062744140625
62.27224349975586
62.27224349975586
62.27224349975586
62.27224349975586
63.81864547729492
63.81864547729492
61.583518981933594
61.583518981933594
58.40744400024414
58.40744400024414
58.40744400024414
55.26726150512695
55.26726150512695
49.0588264465332
49.0588264465332
49.0588264465332
45.17790222167969
45.17790222167969
45.17790222167969
45.17790222167969
39.37425994873047
39.37425994873047
39.37425994873047
39.37425994873047
34.44232940673828
34.44232940673828
34.44232940673828
34.44232940673828
34.44232940673828
26.877765655517578
26.877765655517578
26.877765655517578
26.877765655517578
26.877765655517578
26.877765655517578
19.452146530151367
19.452146530151367
19.452146530151367
19.452146530151367
19.452146530151367
19.452146530151367
19.452146530151367
19.452146530151367
19.452146530151367
19.452146530151367
0.0
0.0
0.0
0.0
0.0
0.0
-8.531424522399902
-8.531424522399902
-8.531424522399902
-8.531424522399902
-8.531424522399902
-8.531424522399902
-8.531424522399902
-8.531424522399902
-8.531424522399902
-8.531424522399902
0.0
0.0
0.0
0.0
0.0
0.0
0.0
0.0
0.0
0.0
0.0
6.302407264709473
6.302407264709473
6.302407264709473
6.302407264709473
6.302407264709473
6.302407264709473
6.302407264709473
6.302407264709473
17.865806579589844
17.865806579589844
17.865806579589844
17.865806579589844
17.865806579589844
24.377277374267578
24.377277374267578
24.377277374267578
24.377277374267578
24.377277374267578
27.395702362060547
27.395702362060547
27.395702362060547
27.395702362060547
27.395702362060547
30.848623275756836
30.848623275756836
30.848623275756836
33.81483840942383
33.81483840942383
33.81483840942383
33.81483840942383
35.42848587036133
35.42848587036133
35.42848587036133
35.42848587036133
37.85729217529297
37.85729217529297
37.85729217529297
39.37425994873047
39.37425994873047
39.37425994873047
41.65718078613281
41.65718078613281
41.65718078613281
41.65718078613281
42.69528579711914
42.69528579711914
45.39274597167969
45.39274597167969
45.39274597167969
45.9863166809082
45.9863166809082
45.9863166809082
46.988834381103516
46.988834381103516
46.988834381103516
49.16712188720703
49.16712188720703
49.16712188720703
49.31226348876953
49.31226348876953
50.54320526123047
50.54320526123047
50.54320526123047
52.16090393066406
52.16090393066406
51.67681121826172
51.67681121826172
51.67681121826172
53.19913864135742
53.19913864135742
53.28398895263672
53.28398895263672
53.28398895263672
54.724090576171875
54.724090576171875
54.6793098449707
54.6793098449707
54.6793098449707
56.866485595703125
56.866485595703125
56.62552261352539
56.62552261352539
56.866485595703125
56.866485595703125
56.866485595703125
58.61238479614258
58.61238479614258
58.10271453857422
58.10271453857422
58.92250442504883
58.92250442504883
59.9803581237793
59.9803581237793
59.9803581237793
59.288482666015625
59.288482666015625
60.35963439941406
60.35963439941406
60.03424835205078
60.03424835205078
61.301025390625
61.301025390625
61.301025390625
60.743743896484375
60.743743896484375
62.9765510559082
62.9765510559082
62.214263916015625
62.214263916015625
62.27224349975586
62.27224349975586
62.9765510559082
62.9765510559082
59.34113693237305
59.34113693237305
59.34113693237305
55.40473937988281
55.40473937988281
51.91773223876953
51.91773223876953
51.91773223876953
45.45450210571289
45.45450210571289
45.45450210571289
41.399078369140625
41.399078369140625
41.399078369140625
41.399078369140625
34.8919677734375
34.8919677734375
34.8919677734375
34.8919677734375
34.8919677734375
28.838205337524414
28.838205337524414
28.838205337524414
28.838205337524414
28.838205337524414
28.838205337524414
28.838205337524414
19.156570434570312
19.156570434570312
19.156570434570312
19.156570434570312
19.156570434570312
19.156570434570312
19.156570434570312
19.156570434570312
19.156570434570312
19.156570434570312
0.0
0.0
0.0
0.0
0.0
0.0
-8.498870849609375
-8.498870849609375
-8.498870849609375
-8.498870849609375
-8.498870849609375
-8.498870849609375
-8.498870849609375
-8.498870849609375
-8.498870849609375
-8.498870849609375
0.0
0.0
0.0
0.0
0.0
0.0
0.0
0.0
0.0
0.0
0.0
0.0
5.9330596923828125
5.9330596923828125
5.9330596923828125
5.9330596923828125
5.9330596923828125
5.9330596923828125
21.381797790527344
21.381797790527344
21.381797790527344
21.381797790527344
21.381797790527344
21.381797790527344
25.94878387451172
25.94878387451172
25.94878387451172
25.94878387451172
30.46881866455078
30.46881866455078
30.46881866455078
30.46881866455078
32.59420394897461
32.59420394897461
32.59420394897461
32.59420394897461
35.390953063964844
35.390953063964844
35.390953063964844
37.900238037109375
37.900238037109375
37.900238037109375
37.900238037109375
38.961002349853516
38.961002349853516
38.961002349853516
41.043067932128906
41.043067932128906
41.043067932128906
42.12996292114258
42.12996292114258
42.12996292114258
44.01720428466797
44.01720428466797
44.01720428466797
44.814300537109375
44.814300537109375
44.814300537109375
47.154632568359375
47.154632568359375
47.154632568359375
47.62517166137695
47.62517166137695
47.62517166137695
48.38386535644531
48.38386535644531
50.39073944091797
50.39073944091797
50.39073944091797
50.42877197265625
50.42877197265625
50.42877197265625
51.55718994140625
51.55718994140625
53.03025817871094
53.03025817871094
53.03025817871094
52.52996826171875
52.52996826171875
53.972633361816406
53.972633361816406
53.972633361816406
54.059967041015625
54.059967041015625
55.40473937988281
55.40473937988281
55.35884094238281
55.35884094238281
55.35884094238281
57.502685546875
57.502685546875
57.20729446411133
57.20729446411133
57.502685546875
57.502685546875
57.502685546875
59.13107681274414
59.13107681274414
58.66384506225586
58.66384506225586
59.39388656616211
59.39388656616211
60.578529357910156
60.578529357910156
60.578529357910156
59.49966049194336
59.49966049194336
60.743743896484375
60.743743896484375
60.41421127319336
60.41421127319336
61.64033126831055
61.64033126831055
61.07688903808594
61.07688903808594
63.21487045288086
63.21487045288086
63.21487045288086
61.021114349365234
61.021114349365234
57.60182571411133
57.60182571411133
54.2354850769043
54.2354850769043
54.2354850769043
49.34868240356445
49.34868240356445
49.34868240356445
44.45650100708008
44.45650100708008
44.45650100708008
44.45650100708008
39.86761474609375
39.86761474609375
39.86761474609375
39.86761474609375
32.435977935791016
32.435977935791016
32.435977935791016
32.435977935791016
32.435977935791016
26.172391891479492
26.172391891479492
26.172391891479492
26.172391891479492
26.172391891479492
26.172391891479492
26.172391891479492
26.172391891479492
15.935635566711426
15.935635566711426
15.935635566711426
15.935635566711426
15.935635566711426
15.935635566711426
15.935635566711426
15.935635566711426
15.935635566711426
15.935635566711426
0.0
0.0
0.0
0.0
0.0
0.0
0.0
0.0
0.0
0.0
0.0
0.0
0.0
0.0
0.0
0.0
0.0
0.0
0.0
0.0
0.0
4.282938480377197
4.282938480377197
4.282938480377197
4.282938480377197
4.282938480377197
4.282938480377197
4.282938480377197
4.282938480377197
4.282938480377197
15.25876235961914
15.25876235961914
15.25876235961914
15.25876235961914
15.25876235961914
15.25876235961914
22.650211334228516
22.650211334228516
22.650211334228516
22.650211334228516
22.650211334228516
27.19500160217285
27.19500160217285
27.19500160217285
27.19500160217285
30.09825325012207
30.09825325012207
30.09825325012207
30.09825325012207
32.49908447265625
32.49908447265625
32.49908447265625
32.49908447265625
35.579402923583984
35.579402923583984
35.579402923583984
35.579402923583984
36.83469009399414
36.83469009399414
36.83469009399414
38.98373031616211
38.98373031616211
38.98373031616211
38.98373031616211
41.16951370239258
41.16951370239258
41.16951370239258
41.81359100341797
41.81359100341797
41.81359100341797
43.7291374206543
43.7291374206543
43.7291374206543
44.664520263671875
44.664520263671875
44.664520263671875
46.49834060668945
46.49834060668945
47.12138366699219
47.12138366699219
47.12138366699219
49.531593322753906
49.531593322753906
49.531593322753906
49.827083587646484
49.827083587646484
49.827083587646484
50.54320526123047
50.54320526123047
52.488704681396484
52.488704681396484
52.488704681396484
52.44750213623047
52.44750213623047
53.45449447631836
53.45449447631836
53.45449447631836
54.99433898925781
54.99433898925781
54.323673248291016
54.323673248291016
55.681766510009766
55.681766510009766
55.681766510009766
55.681766510009766
55.681766510009766
57.012046813964844
57.012046813964844
56.81813049316406
56.81813049316406
56.81813049316406
59.02660369873047
59.02660369873047
58.66384506225586
58.66384506225586
58.81876754760742
58.81876754760742
58.81876754760742
60.578529357910156
60.578529357910156
60.03424835205078
60.03424835205078
60.743743896484375
60.743743896484375
61.98341369628906
61.98341369628906
60.85438919067383
60.85438919067383
62.15639114379883
62.15639114379883
62.15639114379883
61.35731887817383
61.35731887817383
59.76576232910156
59.76576232910156
54.903961181640625
54.903961181640625
54.903961181640625
52.488704681396484
52.488704681396484
52.488704681396484
46.79139709472656
46.79139709472656
46.79139709472656
41.631229400634766
41.631229400634766
41.631229400634766
41.631229400634766
36.47277069091797
36.47277069091797
36.47277069091797
36.47277069091797
30.16619300842285
30.16619300842285
30.16619300842285
30.16619300842285
30.16619300842285
30.16619300842285
22.19133758544922
22.19133758544922
22.19133758544922
22.19133758544922
22.19133758544922
22.19133758544922
22.19133758544922
22.19133758544922
22.19133758544922
22.19133758544922
0.0
0.0
0.0
0.0
0.0
0.0
0.0
0.0
0.0
0.0
0.0
0.0
-6.113836765289307
-6.113836765289307
-6.113836765289307
-6.113836765289307
-6.113836765289307
-6.113836765289307
-6.113836765289307
-6.113836765289307
-6.113836765289307
-6.113836765289307
0.0
0.0
0.0
0.0
0.0
0.0
8.341837882995605
8.341837882995605
8.341837882995605
8.341837882995605
8.341837882995605
8.341837882995605
8.341837882995605
19.079988479614258
19.079988479614258
19.079988479614258
19.079988479614258
19.079988479614258
24.271020889282227
24.271020889282227
24.271020889282227
24.271020889282227
24.271020889282227
27.969074249267578
27.969074249267578
27.969074249267578
27.969074249267578
31.194265365600586
31.194265365600586
31.194265365600586
31.194265365600586
33.442501068115234
33.442501068115234
33.442501068115234
33.442501068115234
36.393310546875
36.393310546875
36.393310546875
36.393310546875
37.900238037109375
37.900238037109375
37.900238037109375
39.37425994873047
39.37425994873047
39.37425994873047
41.9448356628418
41.9448356628418
41.9448356628418
42.532222747802734
42.532222747802734
42.532222747802734
44.22112274169922
44.22112274169922
44.22112274169922
46.081459045410156
46.081459045410156
46.081459045410156
46.24091339111328
46.24091339111328
46.24091339111328
47.89829635620117
47.89829635620117
47.89829635620117
48.489200592041016
48.489200592041016
50.08854675292969
50.08854675292969
50.08854675292969
50.39073944091797
50.39073944091797
50.39073944091797
52.77892303466797
52.77892303466797
52.73727035522461
52.73727035522461
52.73727035522461
53.32651138305664
53.32651138305664
55.175987243652344
55.175987243652344
54.903961181640625
54.903961181640625
54.903961181640625
55.96157455444336
55.96157455444336
57.25631332397461
57.25631332397461
57.25631332397461
56.48192596435547
56.48192596435547
57.80113983154297
57.80113983154297
57.70131301879883
57.70131301879883
59.02660369873047
59.02660369873047
59.02660369873047
58.66384506225586
58.66384506225586
60.90986251831055
60.90986251831055
60.41421127319336
60.41421127319336
60.52366256713867
60.52366256713867
60.52366256713867
62.15639114379883
62.15639114379883
61.583518981933594
61.583518981933594
62.214263916015625
62.214263916015625
63.27473449707031
63.27473449707031
59.872867584228516
59.872867584228516
57.55221176147461
57.55221176147461
57.55221176147461
52.488704681396484
52.488704681396484
52.488704681396484
48.73677444458008
48.73677444458008
48.73677444458008
42.72258377075195
42.72258377075195
42.72258377075195
39.006492614746094
39.006492614746094
39.006492614746094
39.006492614746094
32.07783126831055
32.07783126831055
32.07783126831055
32.07783126831055
32.07783126831055
32.07783126831055
24.802568435668945
24.802568435668945
24.802568435668945
24.802568435668945
24.802568435668945
24.802568435668945
24.802568435668945
24.802568435668945
24.802568435668945
13.981611251831055
13.981611251831055
13.981611251831055
13.981611251831055
13.981611251831055
13.981611251831055
13.981611251831055
13.981611251831055
13.981611251831055
13.981611251831055
0.0
0.0
0.0
0.0
0.0
0.0
0.0
0.0
0.0
0.0
0.0
0.0
0.0
0.0
0.0
0.0
0.0
0.0
0.0
4.638214588165283
4.638214588165283
4.638214588165283
4.638214588165283
4.638214588165283
4.638214588165283
4.638214588165283
4.638214588165283
4.638214588165283
14.535157203674316
14.535157203674316
14.535157203674316
14.535157203674316
14.535157203674316
14.535157203674316
22.354673385620117
22.354673385620117
22.354673385620117
22.354673385620117
22.354673385620117
26.791547775268555
26.791547775268555
26.791547775268555
26.791547775268555
26.791547775268555
29.670568466186523
29.670568466186523
29.670568466186523
29.670568466186523
32.610111236572266
32.610111236572266
32.610111236572266
32.610111236572266
34.728755950927734
34.728755950927734
34.728755950927734
37.20384979248047
37.20384979248047
37.20384979248047
37.20384979248047
38.645530700683594
38.645530700683594
38.645530700683594
41.32227325439453
41.32227325439453
41.32227325439453
42.289947509765625
42.289947509765625
42.289947509765625
43.44480895996094
43.44480895996094
43.44480895996094
45.70322799682617
45.70322799682617
45.70322799682617
46.081459045410156
46.081459045410156
46.081459045410156
47.456050872802734
47.456050872802734
47.456050872802734
49.20332717895508
49.20332717895508
48.98688888549805
48.98688888549805
48.98688888549805
50.58147048950195
50.58147048950195
50.58147048950195
50.928443908691406
50.928443908691406
52.406368255615234
52.406368255615234
52.406368255615234
52.57129669189453
52.57129669189453
54.85888671875
54.85888671875
54.85888671875
54.6793098449707
54.6793098449707
55.039634704589844
55.039634704589844
56.914920806884766
56.914920806884766
56.914920806884766
56.62552261352539
56.62552261352539
57.45323944091797
57.45323944091797
58.81876754760742
58.81876754760742
58.81876754760742
57.8511848449707
57.8511848449707
59.18345260620117
59.18345260620117
59.02660369873047
59.02660369873047
60.3051643371582
60.3051643371582
60.3051643371582
59.872867584228516
59.872867584228516
62.09862518310547
62.09862518310547
61.52681350708008
61.52681350708008
61.64033126831055
61.64033126831055
62.91725158691406
62.91725158691406
62.91725158691406
59.872867584228516
59.872867584228516
56.19690704345703
56.19690704345703
52.61268997192383
52.61268997192383
52.61268997192383
46.33711242675781
46.33711242675781
46.33711242675781
46.33711242675781
42.26319885253906
42.26319885253906
42.26319885253906
36.00114059448242
36.00114059448242
36.00114059448242
36.00114059448242
36.00114059448242
30.261831283569336
30.261831283569336
30.261831283569336
30.261831283569336
30.261831283569336
30.261831283569336
21.300006866455078
21.300006866455078
21.300006866455078
21.300006866455078
21.300006866455078
21.300006866455078
21.300006866455078
21.300006866455078
21.300006866455078
21.300006866455078
0.0
0.0
0.0
0.0
0.0
0.0
0.0
0.0
0.0
0.0
0.0
0.0
0.0
0.0
-5.664952278137207
-5.664952278137207
-5.664952278137207
-5.664952278137207
-5.664952278137207
5.664952278137207
5.664952278137207
5.664952278137207
5.664952278137207
5.664952278137207
0.0
11.28493881225586
11.28493881225586
11.28493881225586
11.28493881225586
11.28493881225586
11.28493881225586
11.28493881225586
11.28493881225586
18.044321060180664
18.044321060180664
18.044321060180664
18.044321060180664
18.044321060180664
23.444955825805664
23.444955825805664
23.444955825805664
23.444955825805664
23.444955825805664
28.300771713256836
28.300771713256836
28.300771713256836
28.300771713256836
28.300771713256836
30.664579391479492
30.664579391479492
30.664579391479492
30.664579391479492
33.57694625854492
33.57694625854492
33.57694625854492
36.215782165527344
36.215782165527344
36.215782165527344
36.215782165527344
37.454105377197266
37.454105377197266
37.454105377197266
39.60765838623047
39.60765838623047
39.60765838623047
40.867347717285156
40.867347717285156
40.867347717285156
40.867347717285156
42.88711166381836
42.88711166381836
42.88711166381836
43.7291374206543
43.7291374206543
46.20893478393555
46.20893478393555
46.20893478393555
46.72595977783203
46.72595977783203
46.72595977783203
47.55738067626953
47.55738067626953
47.55738067626953
49.641990661621094
49.641990661621094
49.641990661621094
49.641990661621094
49.641990661621094
50.850929260253906
50.850929260253906
50.850929260253906
52.406368255615234
52.406368255615234
51.958099365234375
51.958099365234375
51.958099365234375
53.36910629272461
53.36910629272461
53.540157318115234
53.540157318115234
53.540157318115234
54.94911193847656
54.94911193847656
54.85888671875
54.85888671875
54.85888671875
57.10950469970703
57.10950469970703
56.81813049316406
56.81813049316406
57.10950469970703
57.10950469970703
58.87058639526367
58.87058639526367
58.87058639526367
58.3564338684082
58.3564338684082
59.18345260620117
59.18345260620117
60.4688835144043
60.4688835144043
59.34113693237305
59.34113693237305
59.34113693237305
60.799015045166016
60.799015045166016
60.41421127319336
60.41421127319336
61.35731887817383
61.35731887817383
58.61238479614258
58.61238479614258
58.61238479614258
57.012046813964844
57.012046813964844
51.55718994140625
51.55718994140625
51.55718994140625
46.693302154541016
46.693302154541016
46.693302154541016
41.9711799621582
41.9711799621582
41.9711799621582
41.9711799621582
35.904415130615234
35.904415130615234
35.904415130615234
35.904415130615234
35.904415130615234
29.28050994873047
29.28050994873047
29.28050994873047
29.28050994873047
29.28050994873047
29.28050994873047
21.645000457763672
21.645000457763672
21.645000457763672
21.645000457763672
21.645000457763672
21.645000457763672
21.645000457763672
21.645000457763672
21.645000457763672
21.645000457763672
0.0
0.0
0.0
0.0
0.0
0.0
0.0
0.0
0.0
0.0
0.0
0.0
0.0
0.0
0.0
0.0
0.0
0.0
0.0
0.0
0.0
4.285410404205322
4.285410404205322
4.285410404205322
4.285410404205322
4.285410404205322
4.285410404205322
4.285410404205322
4.285410404205322
15.99284839630127
15.99284839630127
15.99284839630127
15.99284839630127
15.99284839630127
15.99284839630127
23.03278923034668
23.03278923034668
23.03278923034668
23.03278923034668
23.03278923034668
27.362045288085938
27.362045288085938
27.362045288085938
27.362045288085938
30.441057205200195
30.441057205200195
30.441057205200195
30.441057205200195
33.78064727783203
33.78064727783203
33.78064727783203
33.78064727783203
35.67438507080078
35.67438507080078
35.67438507080078
35.67438507080078
37.37031173706055
37.37031173706055
37.37031173706055
40.13100051879883
40.13100051879883
40.13100051879883
40.892364501953125
40.892364501953125
40.892364501953125
42.66801834106445
42.66801834106445
42.66801834106445
44.604888916015625
44.604888916015625
44.604888916015625
44.87449264526367
44.87449264526367
44.87449264526367
46.530723571777344
46.530723571777344
46.530723571777344
47.12138366699219
47.12138366699219
47.12138366699219
48.807979583740234
48.807979583740234
48.807979583740234
49.1309700012207
49.1309700012207
51.43811798095703
51.43811798095703
51.43811798095703
51.51744079589844
51.51744079589844
52.03903579711914
52.03903579711914
52.03903579711914
53.972633361816406
53.972633361816406
53.71231460571289
53.71231460571289
53.71231460571289
54.724090576171875
54.724090576171875
56.10253143310547
56.10253143310547
56.10253143310547
55.35884094238281
55.35884094238281
56.769859313964844
56.769859313964844
56.67354965209961
56.67354965209961
56.67354965209961
58.0522346496582
58.0522346496582
57.651527404785156
57.651527404785156
59.92655944824219
59.92655944824219
59.55269241333008
59.55269241333008
59.55269241333008
59.60581588745117
59.60581588745117
61.41371536254883
61.41371536254883
60.68857192993164
60.68857192993164
60.68857192993164
60.68857192993164
58.66384506225586
58.66384506225586
58.66384506225586
52.90428924560547
52.90428924560547
52.90428924560547
49.494903564453125
49.494903564453125
49.494903564453125
43.87269973754883
43.87269973754883
43.87269973754883
39.23553466796875
39.23553466796875
39.23553466796875
39.23553466796875
32.31050109863281
32.31050109863281
32.31050109863281
32.31050109863281
32.31050109863281
26.64199447631836
26.64199447631836
26.64199447631836
26.64199447631836
26.64199447631836
26.64199447631836
26.64199447631836
26.64199447631836
16.4860897064209
16.4860897064209
16.4860897064209
16.4860897064209
16.4860897064209
16.4860897064209
16.4860897064209
16.4860897064209
16.4860897064209
16.4860897064209
0.0
0.0
0.0
0.0
0.0
0.0
0.0
0.0
0.0
0.0
0.0
0.0
0.0
0.0
0.0
0.0
0.0
0.0
0.0
0.0
0.0
0.0
0.0
0.0
0.0
0.0
3.74457049369812
3.74457049369812
3.74457049369812
3.74457049369812
3.74457049369812
3.74457049369812
22.023113250732422
22.023113250732422
22.023113250732422
22.023113250732422
22.023113250732422
25.8084659576416
25.8084659576416
25.8084659576416
25.8084659576416
25.8084659576416
29.617961883544922
29.617961883544922
29.617961883544922
29.617961883544922
32.721900939941406
32.721900939941406
32.721900939941406
32.721900939941406
34.42458724975586
34.42458724975586
34.42458724975586
36.83469009399414
36.83469009399414
36.83469009399414
36.83469009399414
38.335121154785156
38.335121154785156
38.335121154785156
40.544979095458984
40.544979095458984
40.544979095458984
41.57941436767578
41.57941436767578
41.57941436767578
44.104366302490234
44.104366302490234
44.104366302490234
44.78425979614258
44.78425979614258
44.78425979614258
45.7345085144043
45.7345085144043
45.7345085144043
47.8297233581543
47.8297233581543
47.8297233581543
48.036033630371094
48.036033630371094
48.036033630371094
49.275901794433594
49.275901794433594
50.928443908691406
50.928443908691406
50.928443908691406
50.5050048828125
50.5050048828125
52.079593658447266
52.079593658447266
52.079593658447266
52.242469787597656
52.242469787597656
52.242469787597656
53.66917037963867
53.66917037963867
53.71231460571289
53.71231460571289
55.96157455444336
55.96157455444336
55.96157455444336
55.681766510009766
55.681766510009766
56.05546951293945
56.05546951293945
57.651527404785156
57.651527404785156
57.651527404785156
57.55221176147461
57.55221176147461
58.25468063354492
58.25468063354492
59.60581588745117
59.60581588745117
59.60581588745117
58.56101989746094
58.56101989746094
59.872867584228516
59.872867584228516
59.71234893798828
59.71234893798828
60.90986251831055
60.90986251831055
60.41421127319336
60.41421127319336
60.41421127319336
62.740020751953125
62.740020751953125
62.09862518310547
62.09862518310547
60.4688835144043
60.4688835144043
58.25468063354492
58.25468063354492
58.25468063354492
53.6260986328125
53.6260986328125
49.1309700012207
49.1309700012207
49.1309700012207
44.9046516418457
44.9046516418457
44.9046516418457
44.9046516418457
37.94328308105469
37.94328308105469
37.94328308105469
37.94328308105469
32.562435150146484
32.562435150146484
32.562435150146484
32.562435150146484
32.562435150146484
24.811779022216797
24.811779022216797
24.811779022216797
24.811779022216797
24.811779022216797
24.811779022216797
24.811779022216797
24.811779022216797
24.811779022216797
24.811779022216797
14.76317310333252
14.76317310333252
14.76317310333252
14.76317310333252
14.76317310333252
14.76317310333252
14.76317310333252
14.76317310333252
14.76317310333252
14.76317310333252
0.0
0.0
0.0
0.0
0.0
0.0
0.0
0.0
-7.121189594268799
-7.121189594268799
-7.121189594268799
-7.121189594268799
-7.121189594268799
-7.121189594268799
-7.121189594268799
-7.121189594268799
-7.121189594268799
-7.121189594268799
0.0
0.0
0.0
0.0
0.0
0.0
8.430245399475098
8.430245399475098
8.430245399475098
8.430245399475098
8.430245399475098
8.430245399475098
8.430245399475098
18.982419967651367
18.982419967651367
18.982419967651367
18.982419967651367
18.982419967651367
18.982419967651367
24.493444442749023
24.493444442749023
24.493444442749023
24.493444442749023
28.06304931640625
28.06304931640625
28.06304931640625
28.06304931640625
28.06304931640625
30.820165634155273
30.820165634155273
30.820165634155273
30.820165634155273
34.21306610107422
34.21306610107422
34.21306610107422
35.636329650878906
35.636329650878906
35.636329650878906
35.636329650878906
37.92174530029297
37.92174530029297
37.92174530029297
40.20344161987305
40.20344161987305
40.20344161987305
40.20344161987305
40.91740036010742
40.91740036010742
40.91740036010742
42.777286529541016
42.777286529541016
42.777286529541016
43.7291374206543
43.7291374206543
43.7291374206543
45.57852554321289
45.57852554321289
45.57852554321289
46.145111083984375
46.145111083984375
48.5244140625
48.5244140625
48.5244140625
48.807979583740234
48.807979583740234
48.807979583740234
49.56834030151367
49.56834030151367
51.51744079589844
51.51744079589844
51.51744079589844
51.359046936035156
51.359046936035156
52.488704681396484
52.488704681396484
52.488704681396484
53.92906951904297
53.92906951904297
53.36910629272461
53.36910629272461
53.36910629272461
54.768951416015625
54.768951416015625
54.81387710571289
54.81387710571289
54.81387710571289
56.19690704345703
56.19690704345703
55.96157455444336
55.96157455444336
58.305511474609375
58.305511474609375
58.305511474609375
57.8511848449707
57.8511848449707
58.15327835083008
58.15327835083008
59.872867584228516
59.872867584228516
59.34113693237305
59.34113693237305
59.34113693237305
60.1423225402832
60.1423225402832
61.35731887817383
61.35731887817383
60.3051643371582
60.3051643371582
61.52681350708008
61.52681350708008
61.24483871459961
61.24483871459961
61.24483871459961
62.44684600830078
62.44684600830078
61.868629455566406
61.868629455566406
62.38853073120117
62.38853073120117
57.951534271240234
57.951534271240234
57.951534271240234
53.66917037963867
53.66917037963867
49.827083587646484
49.827083587646484
49.827083587646484
44.694393157958984
44.694393157958984
44.694393157958984
44.694393157958984
39.327911376953125
39.327911376953125
39.327911376953125
39.327911376953125
33.91782760620117
33.91782760620117
33.91782760620117
33.91782760620117
33.91782760620117
25.571420669555664
25.571420669555664
25.571420669555664
25.571420669555664
25.571420669555664
25.571420669555664
25.571420669555664
25.571420669555664
16.920263290405273
16.920263290405273
16.920263290405273
16.920263290405273
16.920263290405273
16.920263290405273
16.920263290405273
16.920263290405273
16.920263290405273
16.920263290405273
0.0
0.0
0.0
0.0
0.0
0.0
0.0
0.0
0.0
0.0
0.0
0.0
0.0
0.0
0.0
0.0
0.0
0.0
0.0
4.625051498413086
4.625051498413086
4.625051498413086
4.625051498413086
4.625051498413086
4.625051498413086
4.625051498413086
4.625051498413086
4.625051498413086
4.625051498413086
13.611350059509277
13.611350059509277
13.611350059509277
13.611350059509277
13.611350059509277
13.611350059509277
21.144973754882812
21.144973754882812
21.144973754882812
21.144973754882812
21.144973754882812
25.868417739868164
25.868417739868164
25.868417739868164
25.868417739868164
29.85617446899414
29.85617446899414
29.85617446899414
29.85617446899414
29.85617446899414
32.37311935424805
32.37311935424805
32.37311935424805
34.513492584228516
34.513492584228516
34.513492584228516
34.513492584228516
37.49613952636719
37.49613952636719
37.49613952636719
37.49613952636719
38.534095764160156
38.534095764160156
38.534095764160156
40.520389556884766
40.520389556884766
40.520389556884766
42.5864372253418
42.5864372253418
42.5864372253418
43.05290985107422
43.05290985107422
43.05290985107422
44.84437561035156
44.84437561035156
44.84437561035156
45.57852554321289
45.57852554321289
45.57852554321289
47.28812789916992
47.28812789916992
47.28812789916992
47.72722625732422
47.72722625732422
50.08854675292969
50.08854675292969
50.08854675292969
50.2769889831543
50.2769889831543
50.2769889831543
50.850929260253906
50.850929260253906
52.77892303466797
52.77892303466797
52.77892303466797
52.57129669189453
52.57129669189453
53.6260986328125
53.6260986328125
53.6260986328125
55.08501052856445
55.08501052856445
54.41215133666992
54.41215133666992
55.821319580078125
55.821319580078125
55.821319580078125
55.728206634521484
55.728206634521484
57.10950469970703
57.10950469970703
56.72166061401367
56.72166061401367
56.72166061401367
59.34113693237305
59.34113693237305
58.715396881103516
58.715396881103516
58.92250442504883
58.92250442504883
60.63350296020508
60.63350296020508
60.63350296020508
60.08823776245117
60.08823776245117
60.85438919067383
60.85438919067383
62.04096603393555
62.04096603393555
60.96543502807617
60.96543502807617
61.754268646240234
61.754268646240234
61.754268646240234
58.81876754760742
58.81876754760742
55.96157455444336
55.96157455444336
55.96157455444336
50.5050048828125
50.5050048828125
50.5050048828125
47.69316482543945
47.69316482543945
47.69316482543945
41.553558349609375
41.553558349609375
41.553558349609375
35.80821228027344
35.80821228027344
35.80821228027344
35.80821228027344
35.80821228027344
29.56553840637207
29.56553840637207
29.56553840637207
29.56553840637207
29.56553840637207
29.56553840637207
21.80748176574707
21.80748176574707
21.80748176574707
21.80748176574707
21.80748176574707
21.80748176574707
21.80748176574707
21.80748176574707
21.80748176574707
21.80748176574707
0.0
0.0
0.0
0.0
0.0
0.0
0.0
0.0
0.0
0.0
0.0
0.0
0.0
0.0
0.0
0.0
0.0
0.0
0.0
0.0
4.484437942504883
4.484437942504883
4.484437942504883
4.484437942504883
4.484437942504883
4.484437942504883
4.484437942504883
4.484437942504883
4.484437942504883
15.332289695739746
15.332289695739746
15.332289695739746
15.332289695739746
15.332289695739746
15.332289695739746
22.758214950561523
22.758214950561523
22.758214950561523
22.758214950561523
27.051870346069336
27.051870346069336
27.051870346069336
27.051870346069336
27.051870346069336
30.17981719970703
30.17981719970703
30.17981719970703
30.17981719970703
33.193302154541016
33.193302154541016
33.193302154541016
33.193302154541016
35.14893341064453
35.14893341064453
35.14893341064453
38.05131912231445
38.05131912231445
38.05131912231445
38.05131912231445
39.35107421875
39.35107421875
39.35107421875
40.74275588989258
40.74275588989258
40.74275588989258
43.19206237792969
43.19206237792969
43.19206237792969
43.671974182128906
43.671974182128906
43.671974182128906
45.26972961425781
45.26972961425781
45.26972961425781
47.02190399169922
47.02190399169922
47.02190399169922
47.05501174926758
47.05501174926758
48.630367279052734
48.630367279052734
48.630367279052734
49.022830963134766
49.022830963134766
49.022830963134766
50.61978530883789
50.61978530883789
50.773643493652344
50.773643493652344
50.773643493652344
53.0723762512207
53.0723762512207
53.03025817871094
53.03025817871094
53.03025817871094
53.45449447631836
53.45449447631836
55.31301498413086
55.31301498413086
55.31301498413086
54.94911193847656
54.94911193847656
55.86799621582031
55.86799621582031
55.86799621582031
57.20729446411133
57.20729446411133
56.3865966796875
56.3865966796875
57.751182556152344
57.751182556152344
57.751182556152344
57.651527404785156
57.651527404785156
58.87058639526367
58.87058639526367
58.50973892211914
58.50973892211914
60.799015045166016
60.799015045166016
60.799015045166016
60.3051643371582
60.3051643371582
60.25078582763672
60.25078582763672
60.1423225402832
60.1423225402832
56.05546951293945
56.05546951293945
56.05546951293945
51.756866455078125
51.756866455078125
51.756866455078125
47.79550552368164
47.79550552368164
47.79550552368164
41.11884307861328
41.11884307861328
41.11884307861328
41.11884307861328
36.57258987426758
36.57258987426758
36.57258987426758
36.57258987426758
29.539398193359375
29.539398193359375
29.539398193359375
29.539398193359375
29.539398193359375
29.539398193359375
22.11056137084961
22.11056137084961
22.11056137084961
22.11056137084961
22.11056137084961
22.11056137084961
22.11056137084961
22.11056137084961
22.11056137084961
22.11056137084961
0.0
0.0
0.0
0.0
0.0
0.0
0.0
0.0
0.0
0.0
0.0
0.0
0.0
0.0
0.0
0.0
0.0
4.937056541442871
4.937056541442871
4.937056541442871
4.937056541442871
4.937056541442871
4.937056541442871
4.937056541442871
4.937056541442871
4.937056541442871
4.937056541442871
14.369487762451172
14.369487762451172
14.369487762451172
14.369487762451172
14.369487762451172
14.369487762451172
22.339725494384766
22.339725494384766
22.339725494384766
22.339725494384766
22.339725494384766
26.51512908935547
26.51512908935547
26.51512908935547
26.51512908935547
30.6505126953125
30.6505126953125
30.6505126953125
30.6505126953125
32.57831573486328
32.57831573486328
32.57831573486328
32.57831573486328
35.22304916381836
35.22304916381836
35.22304916381836
37.64401626586914
37.64401626586914
37.64401626586914
37.64401626586914
38.690284729003906
38.690284729003906
38.690284729003906
40.717926025390625
40.717926025390625
40.717926025390625
41.83977508544922
41.83977508544922
41.83977508544922
43.78644943237305
43.78644943237305
43.78644943237305
44.48609924316406
44.48609924316406
44.48609924316406
46.988834381103516
46.988834381103516
46.988834381103516
47.35515213012695
47.35515213012695
47.35515213012695
48.174564361572266
48.174564361572266
50.201446533203125
50.201446533203125
50.201446533203125
50.126121520996094
50.126121520996094
50.126121520996094
51.28021240234375
51.28021240234375
52.77892303466797
52.77892303466797
52.77892303466797
52.36529541015625
52.36529541015625
53.798805236816406
53.798805236816406
53.798805236816406
53.755531311035156
53.755531311035156
55.26726150512695
55.26726150512695
55.26726150512695
55.039634704589844
55.039634704589844
57.35460662841797
57.35460662841797
57.012046813964844
57.012046813964844
57.012046813964844
57.25631332397461
57.25631332397461
59.02660369873047
59.02660369873047
58.45854568481445
58.45854568481445
59.34113693237305
59.34113693237305
59.34113693237305
60.52366256713867
60.52366256713867
59.55269241333008
59.55269241333008
59.92655944824219
59.92655944824219
56.29159164428711
56.29159164428711
56.29159164428711
53.36910629272461
53.36910629272461
53.36910629272461
47.523555755615234
47.523555755615234
47.523555755615234
44.01720428466797
44.01720428466797
44.01720428466797
37.58049392700195
37.58049392700195
37.58049392700195
37.58049392700195
37.58049392700195
31.3405818939209
31.3405818939209
31.3405818939209
31.3405818939209
31.3405818939209
23.846582412719727
23.846582412719727
23.846582412719727
23.846582412719727
23.846582412719727
23.846582412719727
23.846582412719727
23.846582412719727
23.846582412719727
23.846582412719727
0.0
0.0
11.85348892211914
11.85348892211914
11.85348892211914
11.85348892211914
11.85348892211914
11.85348892211914
11.85348892211914
-11.85348892211914
-11.85348892211914
-11.85348892211914
0.0
0.0
0.0
0.0
0.0
0.0
0.0
0.0
0.0
0.0
0.0
0.0
5.905268669128418
5.905268669128418
5.905268669128418
5.905268669128418
5.905268669128418
5.905268669128418
5.905268669128418
5.905268669128418
5.905268669128418
15.611711502075195
15.611711502075195
15.611711502075195
15.611711502075195
15.611711502075195
15.611711502075195
22.369640350341797
22.369640350341797
22.369640350341797
22.369640350341797
22.369640350341797
26.546730041503906
26.546730041503906
26.546730041503906
26.546730041503906
29.97672462463379
29.97672462463379
29.97672462463379
29.97672462463379
32.48328399658203
32.48328399658203
32.48328399658203
32.48328399658203
35.16743087768555
35.16743087768555
35.16743087768555
35.16743087768555
36.89570236206055
36.89570236206055
36.89570236206055
39.678218841552734
39.678218841552734
39.678218841552734
40.81742477416992
40.81742477416992
40.81742477416992
40.81742477416992
42.103416442871094
42.103416442871094
42.103416442871094
44.45650100708008
44.45650100708008
44.45650100708008
44.84437561035156
44.84437561035156
46.36927032470703
46.36927032470703
46.36927032470703
48.10519790649414
48.10519790649414
48.10519790649414
48.036033630371094
48.036033630371094
48.036033630371094
49.56834030151367
49.56834030151367
49.97615432739258
49.97615432739258
49.97615432739258
51.51744079589844
51.51744079589844
51.51744079589844
51.636878967285156
51.636878967285156
53.92906951904297
53.92906951904297
53.842159271240234
53.842159271240234
53.842159271240234
54.2354850769043
54.2354850769043
56.10253143310547
56.10253143310547
56.10253143310547
55.728206634521484
55.728206634521484
56.67354965209961
56.67354965209961
57.951534271240234
57.951534271240234
57.951534271240234
57.10950469970703
57.10950469970703
58.50973892211914
58.50973892211914
58.25468063354492
58.25468063354492
58.25468063354492
59.60581588745117
59.60581588745117
59.18345260620117
59.18345260620117
61.470211029052734
61.470211029052734
60.96543502807617
60.96543502807617
61.021114349365234
61.021114349365234
61.021114349365234
62.740020751953125
62.740020751953125
60.19650650024414
60.19650650024414
56.963443756103516
56.963443756103516
56.963443756103516
53.540157318115234
53.540157318115234
47.28812789916992
47.28812789916992
47.28812789916992
43.3602294921875
43.3602294921875
43.3602294921875
43.3602294921875
37.30771255493164
37.30771255493164
37.30771255493164
37.30771255493164
31.803009033203125
31.803009033203125
31.803009033203125
31.803009033203125
31.803009033203125
31.803009033203125
23.444955825805664
23.444955825805664
23.444955825805664
23.444955825805664
23.444955825805664
23.444955825805664
23.444955825805664
23.444955825805664
23.444955825805664
23.444955825805664
12.800406455993652
12.800406455993652
12.800406455993652
12.800406455993652
12.800406455993652
12.800406455993652
12.800406455993652
12.800406455993652
12.800406455993652
-12.800406455993652
0.0
0.0
0.0
0.0
0.0
0.0
0.0
0.0
-7.6154680252075195
-7.6154680252075195
-7.6154680252075195
-7.6154680252075195
-7.6154680252075195
-7.6154680252075195
7.6154680252075195
7.6154680252075195
7.6154680252075195
7.6154680252075195
0.0
0.0
0.0
10.474701881408691
10.474701881408691
10.474701881408691
10.474701881408691
10.474701881408691
10.474701881408691
10.474701881408691
17.99087905883789
17.99087905883789
17.99087905883789
17.99087905883789
17.99087905883789
17.99087905883789
23.160526275634766
23.160526275634766
23.160526275634766
23.160526275634766
23.160526275634766
27.969074249267578
27.969074249267578
27.969074249267578
27.969074249267578
30.33051300048828
30.33051300048828
30.33051300048828
30.33051300048828
33.34237289428711
33.34237289428711
33.34237289428711
33.34237289428711
36.02054977416992
36.02054977416992
36.02054977416992
37.30771255493164
37.30771255493164
37.30771255493164
37.30771255493164
39.51396560668945
39.51396560668945
39.51396560668945
40.74275588989258
40.74275588989258
40.74275588989258
42.777286529541016
42.777286529541016
42.777286529541016
43.58651351928711
43.58651351928711
43.58651351928711
46.177001953125
46.177001953125
46.177001953125
46.66069793701172
46.66069793701172
46.66069793701172
47.456050872802734
47.456050872802734
47.456050872802734
49.56834030151367
49.56834030151367
49.60513687133789
49.60513687133789
49.60513687133789
50.773643493652344
50.773643493652344
52.36529541015625
52.36529541015625
52.36529541015625
51.91773223876953
51.91773223876953
53.15681457519531
53.15681457519531
53.15681457519531
53.66917037963867
53.66917037963867
54.94911193847656
54.94911193847656
54.94911193847656
54.85888671875
54.85888671875
57.060733795166016
57.060733795166016
57.060733795166016
56.81813049316406
56.81813049316406
57.060733795166016
57.060733795166016
58.974510192871094
58.974510192871094
58.305511474609375
58.305511474609375
58.305511474609375
59.288482666015625
59.288482666015625
60.4688835144043
60.4688835144043
59.49966049194336
59.49966049194336
60.799015045166016
60.799015045166016
60.799015045166016
60.52366256713867
60.52366256713867
61.754268646240234
61.754268646240234
61.24483871459961
61.24483871459961
63.394798278808594
63.394798278808594
60.578529357910156
60.578529357910156
60.578529357910156
56.866485595703125
56.866485595703125
53.32651138305664
53.32651138305664
53.32651138305664
48.13985824584961
48.13985824584961
48.13985824584961
43.10846710205078
43.10846710205078
43.10846710205078
38.313140869140625
38.313140869140625
38.313140869140625
38.313140869140625
38.313140869140625
30.820165634155273
30.820165634155273
30.820165634155273
30.820165634155273
30.820165634155273
24.395078659057617
24.395078659057617
24.395078659057617
24.395078659057617
24.395078659057617
24.395078659057617
24.395078659057617
24.395078659057617
24.395078659057617
24.395078659057617
0.0
12.758854866027832
12.758854866027832
12.758854866027832
12.758854866027832
12.758854866027832
12.758854866027832
12.758854866027832
12.758854866027832
12.758854866027832
12.758854866027832
0.0
0.0
0.0
0.0
0.0
0.0
0.0
0.0
0.0
0.0
0.0
0.0
0.0
0.0
0.0
0.0
0.0
0.0
0.0
0.0
4.485039234161377
4.485039234161377
4.485039234161377
4.485039234161377
4.485039234161377
4.485039234161377
4.485039234161377
4.485039234161377
16.23375129699707
16.23375129699707
16.23375129699707
16.23375129699707
16.23375129699707
16.23375129699707
22.945781707763672
22.945781707763672
22.945781707763672
22.945781707763672
27.350847244262695
27.350847244262695
27.350847244262695
27.350847244262695
27.350847244262695
30.303003311157227
30.303003311157227
30.303003311157227
30.303003311157227
32.75397872924805
32.75397872924805
32.75397872924805
32.75397872924805
35.9623908996582
35.9623908996582
35.9623908996582
37.18314743041992
37.18314743041992
37.18314743041992
37.18314743041992
39.35107421875
39.35107421875
39.35107421875
41.553558349609375
41.553558349609375
41.553558349609375
42.12996292114258
42.12996292114258
42.12996292114258
43.930389404296875
43.930389404296875
43.930389404296875
44.814300537109375
44.814300537109375
44.814300537109375
46.530723571777344
46.530723571777344
46.530723571777344
47.05501174926758
47.05501174926758
49.38515853881836
49.38515853881836
49.38515853881836
49.789955139160156
49.789955139160156
49.789955139160156
50.35276794433594
50.35276794433594
52.36529541015625
52.36529541015625
52.36529541015625
52.120216369628906
