96.69834899902344
185.26136779785156
273.82440185546875
362.3874206542969
450.950439453125
539.513427734375
628.076416015625
716.639404296875
805.202392578125
893.765380859375
982.328369140625
1070.891357421875
1159.454345703125
1248.017333984375
1336.580322265625
1425.143310546875
1513.706298828125
1602.269287109375
1690.832275390625
1779.395263671875
1867.958251953125
1956.521240234375
2002.92724609375
2052.8798828125
2102.83251953125
2152.78515625
2202.73779296875
2252.6904296875
2283.203369140625
2315.351806640625
2347.500244140625
2379.648681640625
2411.797119140625
2431.78857421875
2452.802734375
2473.81689453125
2494.8310546875
2515.84521484375
2527.793212890625
2540.50390625
2553.214599609375
2565.92529296875
2568.642578125
2572.20068359375
2575.7587890625
2573.8310546875
2572.364990234375
2570.89892578125
2569.432861328125
2562.787353515625
2556.57763671875
2550.367919921875
2536.092529296875
2522.49560546875
2508.898681640625
2495.3017578125
2479.224609375
2463.35595703125
2447.4873046875
2426.542724609375
2406.025390625
2385.508056640625
2359.357421875
2333.6806640625
2308.00390625
2281.6494140625
2255.351806640625
2224.094482421875
2193.25439453125
2162.414306640625
2129.989990234375
2097.698974609375
2065.407958984375
2028.52978515625
1992.03759765625
1955.54541015625
1918.444580078125
1881.3948974609375
1837.72265625
1794.6075439453125
1751.492431640625
1708.4892578125
1665.4766845703125
1621.2236328125
1577.074951171875
1532.92626953125
1483.5941162109375
1434.697998046875
1386.530517578125
1338.3017578125
1290.072998046875
1239.3876953125
1188.9090576171875
1134.852294921875
1081.0965576171875
1029.2783203125
977.297119140625
925.31591796875
869.8115234375
814.603515625
759.9276733398438
705.20703125
646.6838989257812
588.480712890625
530.2775268554688
473.1794738769531
415.98846435546875
352.5229797363281
289.5853576660156
228.26229858398438
166.80340576171875
105.34451293945312
43.59440231323242
-18.131206512451172
-84.66102600097656
-150.78665161132812
-214.3255615234375
-278.08209228515625
-338.3188171386719
-398.8516540527344
-459.3844909667969
-512.5177001953125
-566.2734375
-603.1260986328125
-641.4008178710938
-679.675537109375
-707.8380737304688
-736.851318359375
-765.8645629882812
-778.8600463867188
-793.203125
-807.5462036132812
-821.8892822265625
-823.0704956054688
-825.3590087890625
-827.6475219726562
-829.93603515625
-832.2245483398438
-814.30859375
-798.0924682617188
-781.8763427734375
-765.6602172851562
-749.444091796875
-733.2279663085938
-698.4664306640625
-665.26513671875
-632.0638427734375
-598.862548828125
-565.6612548828125
-532.4599609375
-499.2586669921875
-466.057373046875
-432.8560791015625
-399.65478515625
-306.00628662109375
-217.44326782226562
-128.8802490234375
-40.317230224609375
48.24578857421875
136.80880737304688
225.371826171875
313.9348449707031
402.49786376953125
491.0608825683594
579.6239013671875
668.1868896484375
756.7498779296875
845.3128662109375
933.8758544921875
1022.4388427734375
1111.0018310546875
1199.5648193359375
1288.1278076171875
1363.9073486328125
1440.762451171875
1517.6175537109375
1594.47265625
1671.3277587890625
1748.182861328125
1825.0379638671875
1901.89306640625
1978.7481689453125
2028.263671875
2080.079345703125
2131.89501953125
2183.710693359375
2235.5263671875
2287.342041015625
2317.228271484375
2348.95947265625
2380.690673828125
2412.421875
2444.153076171875
2466.494873046875
2489.62646484375
2512.758056640625
2535.8896484375
2559.021240234375
2571.765869140625
2585.384521484375
2599.003173828125
2612.621826171875
2617.576171875
2623.259521484375
2628.94287109375
2634.626220703125
2635.102294921875
2636.016357421875
2636.930419921875
2630.64306640625
2624.961669921875
2619.2802734375
2613.598876953125
2603.239990234375
2593.274658203125
2583.309326171875
2566.8984375
2551.02978515625
2535.1611328125
2516.107177734375
2497.3212890625
2478.535400390625
2452.056884765625
2426.2255859375
2400.394287109375
2372.7626953125
2345.28271484375
2317.802734375
2287.658935546875
2257.7392578125
2221.7451171875
2186.26220703125
2150.779296875
2114.697509765625
2078.666015625
2042.634521484375
2003.317626953125
1964.277099609375
1920.899658203125
1877.8870849609375
1834.87451171875
1792.861083984375
1750.7635498046875
1704.7000732421875
1658.97021484375
1613.2403564453125
1567.043212890625
1520.8853759765625
1471.0020751953125
1421.43212890625
1371.8621826171875
1322.6610107421875
1273.4288330078125
1217.671875
1162.4638671875
1107.255859375
1053.2401123046875
999.1240844726562
944.2152709960938
889.3731079101562
829.7405395507812
770.510986328125
711.2814331054688
653.5887451171875
595.7667236328125
535.6995239257812
475.8211975097656
412.4542236328125
349.3807678222656
289.2247619628906
228.82330322265625
168.42184448242188
104.5068130493164
40.88738250732422
-21.839492797851562
-84.64146423339844
-150.763916015625
-216.60702514648438
-278.3931579589844
-340.5205993652344
-399.7665710449219
-459.25494384765625
-518.7433471679688
-564.0291137695312
-610.509765625
-656.9904174804688
-690.2811279296875
-724.6815185546875
-759.0819091796875
-781.56005859375
-805.041259765625
-828.5224609375
-836.1909790039062
-845.1898193359375
-854.1886596679688
-863.1875
-855.6702270507812
-849.54248046875
-843.4147338867188
-837.2869873046875
-831.1592407226562
-807.2765502929688
-784.8875732421875
-762.4985961914062
-740.109619140625
-717.7206420898438
-695.3316650390625
-672.9426879882812
-650.5537109375
-628.1647338867188
-575.374267578125
-525.1414794921875
-474.90869140625
-424.6759033203125
-374.443115234375
-324.2103271484375
-273.9775390625
-223.74476623535156
-173.51199340820312
-123.27922058105469
-31.195213317871094
57.36780548095703
145.93081665039062
234.49383544921875
323.0568542480469
411.619873046875
500.1828918457031
588.7459106445312
677.3089599609375
765.8719482421875
854.4349365234375
942.9979248046875
1031.5609130859375
1120.1239013671875
1208.6868896484375
1297.2498779296875
1371.3101806640625
1446.590576171875
1521.8709716796875
1597.1513671875
1672.4317626953125
1747.712158203125
1822.9925537109375
1898.27294921875
1973.5533447265625
2048.833740234375
2138.616943359375
2193.742919921875
2251.68212890625
2309.621337890625
2367.560546875
2425.499755859375
2483.43896484375
2517.501953125
2553.573486328125
2589.64501953125
2625.716552734375
2661.7880859375
2685.24658203125
2709.76611328125
2734.28564453125
2758.80517578125
2783.32470703125
2798.404541015625
2814.278564453125
2830.152587890625
2846.026611328125
2851.955810546875
2858.7216796875
2865.487548828125
2872.25341796875
2872.9267578125
2874.11279296875
2875.298828125
2876.48486328125
2872.08642578125
2868.15771484375
2864.22900390625
2852.11865234375
2840.696533203125
2829.2744140625
2815.07177734375
2801.10302734375
2787.13427734375
2773.16552734375
2753.563720703125
2734.435791015625
2715.307861328125
2690.446044921875
2666.066650390625
2641.687255859375
2616.3115234375
2591.01953125
2560.584228515625
2530.58154296875
2500.578857421875
2468.828125
2437.224365234375
2405.62060546875
2369.182373046875
2333.15087890625
2297.119384765625
2260.28125
2223.510986328125
2180.03662109375
2137.126220703125
2094.2158203125
2051.19384765625
2008.1812744140625
1963.700439453125
1919.3431396484375
1874.98583984375
1825.5506591796875
1776.542724609375
1728.1434326171875
1679.69287109375
1631.2423095703125
1580.0762939453125
1529.1387939453125
1474.3353271484375
1419.857177734375
1367.5933837890625
1315.143310546875
1262.6932373046875
1206.4268798828125
1150.4815673828125
1094.9398193359375
1039.3641357421875
980.2210083007812
921.3780517578125
862.5350341796875
804.6683349609375
746.719482421875
682.7285766601562
619.2459716796875
556.94921875
494.5527038574219
432.15618896484375
369.7596740722656
307.3631591796875
240.1187744140625
173.28225708007812
108.2967300415039
43.155479431152344
-23.836769104003906
-90.67329406738281
-160.68722534179688
-230.433837890625
-293.79010009765625
-357.6839904785156
-421.577880859375
-479.9569091796875
-538.7999267578125
-583.7925415039062
-629.9503784179688
-676.1082153320312
-712.1177368164062
-748.9810791015625
-785.8444213867188
-806.33837890625
-828.2095336914062
-850.0806884765625
-862.0482177734375
-874.8489379882812
-887.649658203125
-900.4503784179688
-894.55712890625
-890.2366333007812
-885.9161376953125
-881.5956420898438
-877.275146484375
-854.0270385742188
-832.3712768554688
-810.7155151367188
-789.0597534179688
-767.4039916992188
-745.7482299804688
-724.0924682617188
-702.4367065429688
-655.6896362304688
-611.0535278320312
-566.4174194335938
-521.7813110351562
-477.14520263671875
-432.50909423828125
-387.87298583984375
-343.23687744140625
-298.60076904296875
-253.96466064453125
-161.36654663085938
-72.80352783203125
15.759490966796875
104.322509765625
192.88552856445312
281.44854736328125
370.0115661621094
458.5745849609375
547.1375732421875
635.7005615234375
724.2635498046875
812.8265380859375
901.3895263671875
989.9525146484375
1078.5155029296875
1167.0784912109375
1255.6414794921875
1344.2044677734375
1432.7674560546875
1521.3304443359375
1609.8934326171875
1698.4564208984375
1787.0194091796875
1875.5823974609375
1964.1453857421875
2042.3004150390625
2121.3310546875
2200.36181640625
2279.392578125
2358.42333984375
2437.4541015625
2516.48486328125
2551.37109375
2589.97119140625
2628.5712890625
2667.17138671875
2705.771484375
2744.37158203125
2769.529296875
2795.818115234375
2822.10693359375
2848.395751953125
2865.34130859375
2883.07275390625
2900.80419921875
2918.53564453125
2936.26708984375
2944.991455078125
2954.4736328125
2963.955810546875
2973.43798828125
2976.0771484375
2979.2919921875
2982.5068359375
2978.08740234375
2974.310302734375
2970.533203125
2966.756103515625
2958.252197265625
2950.145751953125
2942.039306640625
2925.878662109375
2910.395751953125
2894.912841796875
2876.268310546875
2857.8896484375
2839.510986328125
2817.63330078125
2796.050048828125
2774.466796875
2746.18359375
2718.464111328125
2690.74462890625
2661.8798828125
2633.111328125
2604.3427734375
2571.539306640625
2539.075439453125
2506.611572265625
2469.445556640625
2432.67529296875
2396.410400390625
2360.102783203125
2323.795166015625
2283.015625
2242.612548828125
2202.20947265625
2161.05029296875
2119.954833984375
2074.72509765625
2029.84326171875
1984.96142578125
1939.84912109375
1894.7562255859375
1843.28173828125
1792.34423828125
1741.90771484375
1691.4290771484375
1640.950439453125
1589.5927734375
1538.30908203125
1481.935546875
1425.990234375
1370.044921875
1315.3040771484375
1260.4619140625
1203.192138671875
1146.126708984375
1085.4188232421875
1025.017333984375
964.6158447265625
906.8922729492188
848.9434204101562
787.3073120117188
725.9813842773438
665.3777465820312
604.7133178710938
540.5227661132812
476.6288757324219
414.07501220703125
351.4084167480469
288.7418212890625
219.78927612304688
151.36557006835938
84.67484283447266
17.83831787109375
-49.154296875
-116.13378143310547
-187.76834106445312
-259.0112609863281
-324.66680908203125
-390.7924499511719
-456.9180908203125
-514.951904296875
-573.66650390625
-623.5136108398438
-674.1067504882812
-724.6998901367188
-758.0045166015625
-792.763671875
-827.5228271484375
-850.7841186523438
-875.0127563476562
-899.2413940429688
-906.9642944335938
-916.0758666992188
-925.1874389648438
-934.2990112304688
-929.158935546875
-925.2178955078125
-921.27685546875
-917.3358154296875
-913.394775390625
-887.9788208007812
-864.3695678710938
-840.7603149414062
-817.1510620117188
-793.5418090820312
-769.9325561523438
-746.3233032226562
-722.7140502929688
-677.2425537109375
-633.6103515625
-589.9781494140625
-546.345947265625
-502.7137451171875
-459.08154296875
-415.4493408203125
-371.817138671875
-328.1849365234375
-284.552734375
-191.86239624023438
-103.29937744140625
-14.736358642578125
73.82666015625
162.38967895507812
250.95269775390625
339.5157165527344
428.0787353515625
516.6417236328125
605.2047119140625
693.7677001953125
782.3306884765625
870.8936767578125
959.4566650390625
1048.0196533203125
1136.5826416015625
1225.1456298828125
1300.24169921875
1376.470703125
1452.69970703125
1528.9287109375
1605.15771484375
1681.38671875
1757.61572265625
1833.8447265625
1910.07373046875
1986.302734375
2075.998779296875
2164.561767578125
2220.76611328125
2279.69287109375
2338.61962890625
2397.54638671875
2456.47314453125
2515.39990234375
2574.32666015625
2611.236328125
2649.998291015625
2688.76025390625
2727.522216796875
2766.2841796875
2789.12255859375
2813.30078125
2837.47900390625
2861.6572265625
2885.83544921875
2902.15625
2919.13818359375
2936.1201171875
2953.10205078125
2960.9150390625
2969.49951171875
2978.083984375
2986.66845703125
2987.12548828125
2988.26611328125
2989.40673828125
2986.05126953125
2983.07421875
2980.09716796875
2977.1201171875
2967.38330078125
2958.21533203125
2949.04736328125
2935.713623046875
2922.730224609375
2909.746826171875
2890.650634765625
2872.06884765625
2853.48681640625
2831.9404296875
2810.643310546875
2789.34619140625
2760.6865234375
2732.646240234375
2704.60595703125
2674.96533203125
2645.45947265625
2615.95361328125
2583.970458984375
2552.195556640625
2520.420654296875
2482.580078125
2445.249755859375
2407.61181640625
2369.999755859375
2332.3876953125
2291.4052734375
2250.706298828125
2205.669921875
2160.998291015625
2116.32666015625
2073.017822265625
2029.5943603515625
1982.122802734375
1934.9918212890625
1887.86083984375
1840.1329345703125
1792.455322265625
1740.966552734375
1689.7984619140625
1638.63037109375
1587.9649658203125
1537.2572021484375
1480.1536865234375
1423.5882568359375
1367.0228271484375
1311.40380859375
1255.7052001953125
1199.3316650390625
1143.014892578125
1081.80712890625
1021.0108642578125
961.6426391601562
902.1542358398438
842.6658325195312
781.171142578125
719.84521484375
654.8099365234375
590.0867309570312
528.34423828125
466.3509826660156
400.7678527832031
335.48675537109375
271.11773681640625
206.6719970703125
142.22625732421875
74.38677215576172
6.832801818847656
-59.16162872314453
-125.28726196289062
-197.49642944335938
-269.19378662109375
-335.7398681640625
-402.7193603515625
-460.81494140625
-519.657958984375
-578.5009765625
-628.46142578125
-679.169189453125
-729.876953125
-767.113525390625
-805.4834594726562
-830.7572631835938
-857.1328735351562
-883.5084838867188
-909.8840942382812
-924.0179443359375
-939.1817016601562
-954.345458984375
-969.5092163085938
-965.0789184570312
-962.2970581054688
-959.5151977539062
-956.7333374023438
-938.5796508789062
-921.71923828125
-904.8588256835938
-887.9984130859375
-871.1380004882812
-854.277587890625
-837.4171752929688
-796.451904296875
-757.5145874023438
-718.5772705078125
-679.6399536132812
-640.70263671875
-601.7653198242188
-562.8280029296875
-523.8906860351562
-484.953369140625
-446.01605224609375
-352.89447021484375
-264.3314514160156
-175.7684326171875
-87.20541381835938
1.35760498046875
89.92062377929688
178.483642578125
267.0466613769531
376.7026672363281
484.5841064453125
592.4655151367188
700.346923828125
808.2283325195312
916.1097412109375
1023.9911499023438
1131.87255859375
1239.7540283203125
1347.635498046875
1434.4239501953125
1522.9869384765625
1611.5499267578125
1700.1129150390625
1788.6759033203125
1877.2388916015625
1965.8018798828125
2054.364990234375
2142.927978515625
2231.490966796875
2301.99609375
2374.0205078125
2446.044921875
2518.0693359375
2590.09375
2662.1181640625
2734.142578125
2770.435302734375
2809.734130859375
2849.032958984375
2888.331787109375
2927.630615234375
2952.82421875
2979.20458984375
3005.5849609375
3031.96533203125
3058.345703125
3074.89208984375
3092.265869140625
3109.6396484375
3127.013427734375
3144.38720703125
3153.74609375
3163.779296875
3173.8125
3173.9384765625
3174.89794921875
3175.857421875
3176.81689453125
3173.3154296875
3170.189453125
3167.0634765625
3163.9375
3154.214599609375
3145.046630859375
3135.878662109375
3119.955322265625
3104.600341796875
3089.245361328125
3071.6865234375
3054.31298828125
3036.939453125
3013.8623046875
2991.26513671875
2968.66796875
2943.379150390625
2918.316650390625
2893.254150390625
2863.0693359375
2833.315673828125
2803.56201171875
2772.16015625
2740.89697265625
2702.804443359375
2665.286376953125
2627.768310546875
2589.735107421875
2551.7451171875
2513.755126953125
2473.878173828125
2434.159912109375
2389.033447265625
2344.36181640625
2299.690185546875
2255.36181640625
2211.00439453125
2163.61865234375
2116.48779296875
2069.35693359375
2018.1953125
1967.372802734375
1918.6536865234375
1869.757568359375
1816.8525390625
1764.2847900390625
1711.717041015625
1659.1492919921875
1606.58154296875
1550.3260498046875
1494.3807373046875
1438.4354248046875
1383.16162109375
1327.831298828125
1266.244384765625
1205.183837890625
1145.4140625
1085.5357666015625
1025.2293701171875
964.9590454101562
904.688720703125
839.7080688476562
775.1237182617188
712.0404052734375
648.830810546875
583.66455078125
518.6629028320312
450.2425537109375
382.1098327636719
317.2433776855469
252.1021270751953
186.96087646484375
118.5533676147461
50.420654296875
-16.76593780517578
-84.0321273803711
-154.49349975585938
-224.68606567382812
-291.21429443359375
-358.0508117675781
-422.73175048828125
-487.59405517578125
-552.4563598632812
-603.1268310546875
-654.9913330078125
-694.44921875
-734.9508666992188
-775.4525146484375
-804.5816040039062
-834.66748046875
-864.7533569335938
-879.2454833984375
-895.049560546875
-910.8536376953125
-926.65771484375
-927.1744995117188
-928.9774169921875
-930.7803344726562
-932.583251953125
-934.3861694335938
-920.4537963867188
-907.8452758789062
-895.2367553710938
-882.6282348632812
-870.0197143554688
-857.4111938476562
-819.3269653320312
-783.385986328125
-747.4450073242188
-711.5040283203125
-675.5630493164062
-639.6220703125
-603.6810913085938
-567.7401123046875
-531.7991333007812
-495.8581848144531
-402.4613342285156
-313.8983154296875
-225.33529663085938
-136.77227783203125
-48.209259033203125
40.353759765625
128.91677856445312
217.47979736328125
306.0428161621094
394.6058349609375
483.1688537597656
589.0803833007812
693.5324096679688
797.9844360351562
902.4364624023438
1006.8884887695312
1111.3404541015625
1215.79248046875
1320.2445068359375
1424.696533203125
1529.1485595703125
1616.2520751953125
1704.8150634765625
1793.3780517578125
1881.9410400390625
1970.5040283203125
2059.067138671875
2124.265380859375
2191.42919921875
2258.593017578125
2325.7568359375
2392.920654296875
2460.08447265625
2527.248291015625
2568.071533203125
2611.11083984375
2654.150146484375
2697.189453125
2740.228759765625
2783.26806640625
2811.623046875
2841.21337890625
2870.8037109375
2900.39404296875
2929.984375
2948.5537109375
2968.05029296875
2987.546875
3007.04345703125
3015.76708984375
3025.39697265625
3035.02685546875
3044.65673828125
3047.563720703125
3051.036376953125
3054.509033203125
3057.981689453125
3055.32373046875
3053.181396484375
3051.0390625
3048.896728515625
3038.275390625
3028.367431640625
3018.45947265625
3005.459228515625
2992.71923828125
2979.979248046875
2961.597412109375
2943.690185546875
2925.782958984375
2902.032470703125
2878.773681640625
2855.514892578125
2831.114990234375
2806.81103515625
2782.507080078125
2753.061279296875
2724.048095703125
2695.034912109375
2664.2109375
2633.539306640625
2602.86767578125
2567.339111328125
2532.218994140625
2496.2041015625
2460.264404296875
2424.32470703125
2381.66162109375
2339.564208984375
2297.3564453125
2255.157958984375
2212.95947265625
2169.1982421875
2125.568359375
2076.796142578125
2028.45654296875
1980.116943359375
1932.260009765625
1884.3624267578125
1833.8958740234375
1783.6455078125
1733.3951416015625
1679.3173828125
1625.5616455078125
1573.743408203125
1521.76220703125
1466.5242919921875
1411.5604248046875
1356.5965576171875
1301.0987548828125
1245.6458740234375
1186.7716064453125
1128.1851806640625
1070.709716796875
1013.1407470703125
955.57177734375
891.6951293945312
828.3491821289062
766.1868896484375
703.925048828125
641.3688354492188
578.83740234375
511.76123046875
445.0674133300781
378.37359619140625
313.3749694824219
248.2337188720703
181.08538818359375
114.10590362548828
43.780784606933594
-26.262855529785156
-92.80477142333984
-159.64129638671875
-229.17105102539062
-298.4742126464844
-360.2362976074219
-422.6328125
-485.0293273925781
-539.9784545898438
-595.5541381835938
-636.193359375
-678.0892333984375
-719.985107421875
-754.285400390625
-789.2247314453125
-824.1640625
-842.59326171875
-862.4114379882812
-882.2296142578125
-902.0477905273438
-906.5455932617188
-912.332275390625
-918.1189575195312
-923.9056396484375
-913.712890625
-904.864501953125
-896.01611328125
-887.167724609375
-878.3193359375
-849.8573608398438
-823.0455322265625
-796.2337036132812
-769.421875
-742.6100463867188
-715.7982177734375
-688.9863891601562
-662.174560546875
-635.3627319335938
-608.5509033203125
-552.22998046875
-498.3916931152344
-444.55340576171875
-390.7151184082031
-336.8768310546875
-283.0385437011719
-229.20025634765625
-175.36196899414062
-121.52367401123047
-67.68537902832031
24.067428588867188
112.63044738769531
201.19346618652344
289.7564697265625
378.3194885253906
466.88250732421875
555.445556640625
644.008544921875
732.571533203125
821.134521484375
909.697509765625
998.260498046875
1086.823486328125
1175.386474609375
1263.949462890625
1352.512451171875
1441.075439453125
1529.638427734375
1618.201416015625
1694.0601806640625
1770.98779296875
1847.9154052734375
1924.843017578125
2001.7706298828125
2078.6982421875
2155.625732421875
2232.55322265625
2309.480712890625
2357.01318359375
2407.018798828125
2457.0244140625
2507.030029296875
2557.03564453125
2607.041259765625
2637.8154296875
2670.20751953125
2702.599609375
2734.99169921875
2767.3837890625
2788.082275390625
2809.764404296875
2831.446533203125
2853.128662109375
2874.810791015625
2887.615966796875
2901.16796875
2914.719970703125
2928.27197265625
2933.0546875
2938.5751953125
2944.095703125
2949.6162109375
2949.306884765625
2949.488037109375
2949.669189453125
2941.2822265625
2933.615966796875
2925.94970703125
2914.3115234375
2903.007568359375
2891.70361328125
2880.399658203125
2864.88134765625
2849.717529296875
2834.5537109375
2812.14501953125
2790.345947265625
2768.546875
2745.072998046875
2721.740234375
2698.407470703125
2670.54638671875
2643.06640625
2610.427734375
2578.22314453125
2546.0185546875
2513.7197265625
2481.4287109375
2449.1376953125
2412.158447265625
2375.57373046875
2338.989013671875
2301.1796875
2263.473388671875
2221.302490234375
2179.50732421875
2137.712158203125
2095.697021484375
2053.700439453125
2005.0198974609375
1956.9017333984375
1908.7835693359375
1861.1463623046875
1813.46875
1764.5826416015625
1715.7982177734375
1667.0137939453125
1613.0625
1559.5458984375
1507.19384765625
1454.7437744140625
1399.681884765625
1344.8397216796875
1289.99755859375
1231.485595703125
1173.2823486328125
1117.4095458984375
1061.3406982421875
1001.6796264648438
942.32080078125
882.9619750976562
824.1663818359375
765.3233642578125
702.8942260742188
640.7667846679688
579.80419921875
518.7435913085938
451.22039794921875
384.24090576171875
317.26141357421875
252.2890167236328
187.14776611328125
121.54756164550781
55.98596954345703
-14.14508056640625
-83.8917007446289
-151.71774291992188
-219.7053680419922
-286.9052734375
-354.17144775390625
-415.6803283691406
-477.673583984375
-539.6668090820312
-585.6707153320312
-633.0198364257812
-680.3689575195312
-718.646240234375
-757.686767578125
-796.727294921875
-820.256103515625
-845.0899658203125
-869.923828125
-882.2866821289062
-895.69873046875
-909.1107788085938
-922.5228271484375
-916.9877319335938
-913.0466918945312
-909.1056518554688
-905.1646118164062
-901.2235717773438
-882.6815185546875
-865.3678588867188
-848.05419921875
-830.7405395507812
-813.4268798828125
-796.1132202148438
-778.799560546875
-735.8401489257812
-695.038330078125
-654.2365112304688
-613.4346923828125
-572.6328735351562
-531.8310546875
-491.02923583984375
-450.2274169921875
-409.42559814453125
-368.623779296875
-275.6734619140625
-187.11044311523438
-98.54742431640625
-9.984405517578125
78.57861328125
190.57470703125
300.599365234375
410.6240234375
520.648681640625
630.67333984375
740.697998046875
850.72265625
960.747314453125
1070.77197265625
1180.796630859375
1267.38818359375
1355.951171875
1444.51416015625
1533.0771484375
1621.64013671875
1710.203125
1798.76611328125
1887.3291015625
1975.89208984375
2064.455078125
2153.01806640625
2241.5810546875
2330.14404296875
2418.70703125
2491.375
2565.380126953125
2639.38525390625
2713.390380859375
2787.3955078125
2861.400634765625
2892.583984375
2927.3701171875
2962.15625
2996.9423828125
3031.728515625
3056.012939453125
3081.180908203125
3106.348876953125
3131.516845703125
3156.684814453125
3171.259033203125
3186.724365234375
3202.189697265625
3217.655029296875
3224.4775390625
3232.02734375
3239.5771484375
3247.126953125
3249.755126953125
3252.79736328125
3255.839599609375
3258.8818359375
3255.026123046875
3251.750732421875
3248.475341796875
3240.5849609375
3233.082763671875
3225.58056640625
3218.078369140625
3204.12353515625
3190.71142578125
3177.29931640625
3160.49658203125
3143.97900390625
3127.46142578125
3103.583251953125
3080.324462890625
3057.065673828125
3031.670654296875
3006.455322265625
2981.239990234375
2952.8525390625
2924.73193359375
2890.627685546875
2857.02685546875
2823.426025390625
2788.9521484375
2754.5517578125
2720.1513671875
2682.141357421875
2644.43505859375
2602.26416015625
2560.468994140625
2518.673828125
2477.642578125
2436.547119140625
2395.45166015625
2350.221923828125
2305.340087890625
2259.880859375
2214.47021484375
2169.0595703125
2119.598876953125
2070.47900390625
2021.3590087890625
1972.239013671875
1917.00390625
1862.2833251953125
1807.562744140625
1753.502197265625
1699.3861083984375
1644.3443603515625
1589.3804931640625
1529.7591552734375
1470.5296630859375
1411.3001708984375
1353.3302001953125
1295.2542724609375
1234.7823486328125
1174.511962890625
1111.0323486328125
1047.82275390625
987.2481689453125
926.451904296875
865.6556396484375
801.4772338867188
737.5833740234375
674.4366455078125
611.22705078125
544.8335571289062
478.7079162597656
413.6571044921875
348.515869140625
277.53314208984375
207.0418701171875
136.55059814453125
67.67784118652344
-1.331085205078125
-70.34001159667969
-139.34893798828125
-212.63027954101562
-285.55218505859375
-352.2988586425781
-419.5650634765625
-478.0563659667969
-537.285888671875
-596.5154418945312
-647.0692749023438
-698.3529663085938
-732.4839477539062
-768.0579833984375
-803.6320190429688
-828.4838256835938
-854.2377319335938
-879.9916381835938
-905.7455444335938
-915.465087890625
-926.5335693359375
-937.60205078125
-948.6705322265625
-946.113037109375
-944.701904296875
-943.290771484375
-941.879638671875
-940.468505859375
-918.157958984375
-897.605712890625
-877.053466796875
-856.501220703125
-835.948974609375
-815.396728515625
-774.328857421875
-734.9869995117188
-695.6451416015625
-656.3032836914062
-616.96142578125
-577.6195678710938
-538.2777099609375
-498.93585205078125
-459.593994140625
-420.25213623046875
-327.1676940917969
-238.60467529296875
-150.04165649414062
-61.4786376953125
27.084381103515625
115.64739990234375
227.7811279296875
337.93182373046875
448.08251953125
558.2332153320312
668.3839111328125
778.5346069335938
888.685302734375
998.8359985351562
1108.9866943359375
1219.137451171875
1305.7174072265625
1394.2803955078125
1482.8433837890625
1571.4063720703125
1659.9693603515625
1748.5323486328125
1837.0953369140625
1925.6583251953125
2014.2213134765625
2102.784423828125
2191.347412109375
2262.498046875
2335.113525390625
2407.72900390625
2480.344482421875
2552.9599609375
2625.575439453125
2698.19091796875
2770.806396484375
2811.474609375
2854.83056640625
2898.1865234375
2941.54248046875
2984.8984375
3010.264404296875
3037.143798828125
3064.023193359375
3090.902587890625
3117.781982421875
3136.322021484375
3155.563720703125
3174.805419921875
3194.047119140625
3213.288818359375
3222.99072265625
3233.495361328125
3244.0
3246.309326171875
3249.30810546875
3252.306884765625
3255.3056640625
3253.846435546875
3252.76220703125
3251.677978515625
3250.59375
3242.799072265625
3235.569091796875
3228.339111328125
3216.91796875
3205.849365234375
3194.78076171875
3177.405029296875
3160.559814453125
3143.714599609375
3126.869384765625
3107.15625
3087.684326171875
3060.759765625
3034.462158203125
3008.16455078125
2980.22705078125
2952.427490234375
2924.6279296875
2894.05859375
2863.722412109375
2833.38623046875
2797.03173828125
2761.18359375
2725.33544921875
2689.08642578125
2652.87109375
2613.2548828125
2573.9248046875
2534.5947265625
2490.795166015625
2447.37158203125
2405.28564453125
2363.087158203125
2320.888671875
2274.484130859375
2228.43359375
2182.148681640625
2135.88330078125
2089.617919921875
2039.3739013671875
1989.464599609375
1939.6790771484375
1889.883056640625
1840.0870361328125
1784.248291015625
1728.91796875
1674.25341796875
1619.5328369140625
1564.146484375
1508.816162109375
1453.48583984375
1393.3319091796875
1333.583740234375
1275.2437744140625
1216.7852783203125
1156.0618896484375
1095.529052734375
1032.0736083984375
968.864013671875
905.6544189453125
844.3563232421875
782.8973999023438
718.4791259765625
654.309814453125
591.0394897460938
527.6935424804688
460.84771728515625
394.29632568359375
327.74493408203125
262.73321533203125
197.5919647216797
126.28189849853516
55.490821838378906
-13.194206237792969
-82.0564193725586
-151.07882690429688
-220.08775329589844
-291.04254150390625
-361.8336181640625
-422.58074951171875
-484.1728820800781
-545.7650146484375
-596.4816284179688
-648.1132202148438
-690.11083984375
-732.9190063476562
-775.7271728515625
-800.6786499023438
-827.1324462890625
-853.5862426757812
-868.8356323242188
-885.0277099609375
-901.2197875976562
-917.411865234375
-915.6259765625
-915.3526000976562
-915.0792236328125
-914.8058471679688
-914.532470703125
-897.53369140625
-881.9420776367188
-866.3504638671875
-850.7588500976562
-835.167236328125
-819.5756225585938
-803.9840087890625
-761.6438598632812
-721.5540771484375
-681.4642944335938
-641.37451171875
-601.2847290039062
-561.1949462890625
-521.1051635742188
-481.015380859375
-440.92559814453125
-400.8358154296875
-307.820068359375
-219.25704956054688
-130.69403076171875
-42.131011962890625
46.4320068359375
134.99502563476562
247.038818359375
357.1071472167969
467.17547607421875
577.2437744140625
687.3121337890625
797.3804931640625
907.4488525390625
1017.5172119140625
1127.5855712890625
1237.6539306640625
1324.241455078125
1412.804443359375
1501.367431640625
1589.930419921875
1678.493408203125
1767.056396484375
1855.619384765625
1944.182373046875
2032.745361328125
2121.308349609375
2209.871337890625
2298.434326171875
2370.60546875
2444.15576171875
2517.7060546875
2591.25634765625
2664.806640625
2738.35693359375
2769.22509765625
2803.684326171875
2838.1435546875
2872.602783203125
2907.06201171875
2941.521240234375
2963.362548828125
2986.265380859375
3009.168212890625
3032.071044921875
3042.486083984375
3053.95166015625
3065.417236328125
3076.8828125
3082.476318359375
3088.56396484375
3094.651611328125
3100.7392578125
3099.099853515625
3098.110595703125
3097.121337890625
3089.199462890625
3081.86083984375
3074.522216796875
3067.18359375
3056.914306640625
3046.8916015625
3036.868896484375
3021.09375
3005.802490234375
2990.51123046875
2972.217041015625
2954.175537109375
2936.134033203125
2912.87841796875
2890.0615234375
2867.24462890625
2842.2255859375
2817.391845703125
2792.55810546875
2761.25830078125
2730.50244140625
2699.74658203125
2667.69091796875
2635.74462890625
2603.79833984375
2569.755859375
2535.8896484375
2496.478759765625
2457.534423828125
2418.590087890625
2379.540771484375
2340.500244140625
2301.459716796875
2259.301513671875
2217.40576171875
2171.440185546875
2125.81689453125
2080.193603515625
2035.9525146484375
1991.59521484375
1943.2520751953125
1895.2442626953125
1847.2364501953125
1798.9873046875
1750.758544921875
1698.8143310546875
1647.1827392578125
1595.677978515625
1544.16259765625
1492.647216796875
1435.208740234375
1378.2685546875
1322.14453125
1265.9517822265625
1208.9429931640625
1152.0028076171875
1095.0626220703125
1033.62353515625
972.5629272460938
912.793212890625
852.9148559570312
791.01953125
729.2939453125
664.29541015625
599.5722045898438
534.8489990234375
473.10650634765625
411.1132507324219
345.6828308105469
280.54156494140625
216.31076049804688
152.00335693359375
84.30841064453125
16.898460388183594
-48.954803466796875
-114.93903350830078
-186.83010864257812
-258.2242431640625
-329.61834716796875
-394.9515380859375
-460.7946472167969
-517.19091796875
-574.3819580078125
-622.2723999023438
-670.9453125
-719.6182250976562
-754.7898559570312
-791.0973510742188
-827.4048461914062
-850.1961669921875
-874.1246337890625
-898.0531005859375
-921.9815673828125
-933.2318115234375
-945.5487060546875
-957.8656005859375
-970.1824951171875
-961.9671630859375
-955.479248046875
-948.9913330078125
-942.50341796875
-936.0155029296875
-912.2224731445312
-889.8853149414062
-867.5481567382812
-845.2109985351562
-822.8738403320312
-800.5366821289062
-778.1995239257812
-755.8623657226562
-705.2430419921875
-657.0031127929688
-608.76318359375
-560.5232543945312
-512.2833251953125
-464.04339599609375
-415.803466796875
-367.56353759765625
-319.3236083984375
-271.08367919921875
-178.81661987304688
-90.25360107421875
-1.690582275390625
86.8724365234375
175.43545532226562
263.99847412109375
352.5614929199219
441.12451171875
529.6875
618.25048828125
706.8134765625
795.37646484375
883.939453125
972.50244140625
1061.0654296875
1149.62841796875
1238.19140625
1326.75439453125
1415.3173828125
1503.88037109375
1592.443359375
1669.1734619140625
1746.8990478515625
1824.6246337890625
1902.3502197265625
1980.0758056640625
2057.80126953125
2135.52685546875
2213.25244140625
2290.97802734375
2338.37939453125
2388.33203125
2438.28466796875
2488.2373046875
2538.18994140625
2588.142578125
2617.674072265625
2648.923583984375
2680.173095703125
2711.422607421875
2742.672119140625
2761.365234375
2781.11474609375
2800.8642578125
2820.61376953125
2832.34228515625
2844.74560546875
2857.14892578125
2869.55224609375
2875.322509765625
2881.650634765625
2887.978759765625
2894.306884765625
2892.124755859375
2890.65869140625
2889.192626953125
2887.7265625
2882.792236328125
2878.14990234375
2873.507568359375
2862.927734375
2852.847412109375
2842.76708984375
2832.686767578125
2816.567626953125
2800.95654296875
2785.345458984375
2767.954833984375
2750.7138671875
2733.472900390625
2710.939697265625
2688.851806640625
2666.763916015625
2642.091552734375
2617.63671875
2593.181884765625
2563.66064453125
2534.565673828125
2503.749267578125
2473.07763671875
2442.406005859375
2405.075439453125
2368.30517578125
2331.534912109375
2293.9482421875
2256.43017578125
2218.912109375
2179.41552734375
2140.08544921875
2095.38037109375
2051.12744140625
2006.87451171875
1962.7354736328125
1918.5867919921875
1871.656005859375
1824.959228515625
1778.262451171875
1727.3114013671875
1676.71826171875
1627.97802734375
1579.0819091796875
1526.4337158203125
1474.1011962890625
1421.7686767578125
1369.4361572265625
1317.1036376953125
1261.095703125
1205.3970947265625
1150.234130859375
1095.026123046875
1039.818115234375
978.508544921875
917.7122802734375
857.9182739257812
798.0399169921875
737.7335815429688
677.4632568359375
617.1929321289062
552.0606689453125
487.33746337890625
424.1180114746094
360.77203369140625
295.46588134765625
230.3246307373047
161.7584228515625
93.48035430908203
28.321563720703125
-37.09965515136719
-106.11805725097656
-174.83383178710938
-243.54959106445312
-310.05767822265625
-376.7514953613281
-439.04815673828125
-501.7147521972656
-550.9490966796875
-601.3135375976562
-651.677978515625
-695.3695068359375
-739.6224365234375
-783.8753662109375
-812.3876953125
-842.2243041992188
-872.0609130859375
-887.6409912109375
-904.4204711914062
-921.199951171875
-937.9794311523438
-940.507080078125
-944.2337646484375
-947.96044921875
-951.6871337890625
-937.9899291992188
-925.7586059570312
-913.5272827148438
-901.2959594726562
-889.0646362304688
-876.8333129882812
-842.5689697265625
-810.1582641601562
-777.74755859375
-745.3368530273438
-712.9261474609375
-680.5154418945312
-648.104736328125
-615.6940307617188
-583.2833251953125
-550.8726196289062
-457.1514892578125
-368.5884704589844
-280.02545166015625
-191.46243286132812
-102.8994140625
-14.336395263671875
74.22662353515625
162.78964233398438
251.3526611328125
339.9156799316406
428.47869873046875
517.041748046875
622.4961547851562
726.5294799804688
830.5628051757812
934.5961303710938
1038.62939453125
1142.6627197265625
1246.696044921875
1350.7293701171875
1454.7626953125
1558.7960205078125
1645.93798828125
1734.5009765625
1823.06396484375
1911.626953125
2000.18994140625
2088.7529296875
2154.26904296875
2221.72412109375
2289.17919921875
2356.63427734375
2424.08935546875
2491.54443359375
2558.99951171875
2596.787109375
2637.070556640625
2677.35400390625
2717.637451171875
2757.9208984375
2783.862548828125
2811.0107421875
2838.158935546875
2865.30712890625
2892.455322265625
2909.38671875
2927.177490234375
2944.96826171875
2962.759033203125
2971.639404296875
2981.269287109375
2990.899169921875
3000.529052734375
3003.947509765625
3007.888671875
3011.829833984375
3015.77099609375
3011.5595703125
3008.033935546875
3004.50830078125
3000.982666015625
2993.293701171875
2985.955078125
2978.616455078125
2967.205322265625
2956.13671875
2945.068115234375
2926.897705078125
2909.32470703125
2891.751708984375
2872.555908203125
2853.49658203125
2834.437255859375
2810.7119140625
2787.379150390625
2764.04638671875
2735.57373046875
2707.533447265625
2679.4931640625
2651.012451171875
2622.56884765625
2594.125244140625
2561.1025390625
2528.465087890625
2495.82763671875
2461.5576171875
2427.4248046875
2388.87353515625
2350.69384765625
2312.51416015625
2273.49951171875
2234.55517578125
2195.61083984375
2150.068359375
2105.0810546875
2060.208740234375
2015.326904296875
1970.445068359375
1923.9351806640625
1877.562255859375
1826.07958984375
1775.02685546875
1724.7257080078125
1674.361328125
1623.9969482421875
1570.7105712890625
1517.6700439453125
1461.0523681640625
1404.735595703125
1348.4188232421875
1294.2415771484375
1239.88427734375
1181.88232421875
1124.18701171875
1066.7674560546875
1009.32470703125
948.2203979492188
887.4241333007812
826.6278686523438
766.8338623046875
706.9555053710938
640.871826171875
575.3102416992188
511.1180419921875
446.8106384277344
382.2008361816406
317.6164855957031
253.03213500976562
183.93685913085938
115.2210922241211
48.08805847167969
-19.178131103515625
-88.18695068359375
-157.04916381835938
-228.84124755859375
-300.3868408203125
-362.5337219238281
-425.4713439941406
-481.9974365234375
-539.0629272460938
-596.12841796875
-639.2044067382812
-683.4573364257812
-727.7102661132812
-761.5973510742188
-796.3565063476562
-831.1156616210938
-849.2587280273438
-868.7997436523438
-888.3407592773438
-897.6149291992188
-907.7528686523438
-917.8908081054688
-928.0287475585938
-919.0241088867188
-911.6299438476562
-904.2357788085938
-896.8416137695312
-889.4474487304688
-882.0532836914062
-854.5589599609375
-828.7556762695312
-802.952392578125
-777.1491088867188
-751.3458251953125
-725.5425415039062
-699.7392578125
-673.9359741210938
-648.1326904296875
-592.4331665039062
-539.2488403320312
-486.06451416015625
-432.88018798828125
-379.69586181640625
-326.51153564453125
-273.32720947265625
-220.1428680419922
-166.95852661132812
-113.77418518066406
-21.96131134033203
66.6017074584961
155.16473388671875
243.72775268554688
332.290771484375
420.8537902832031
509.41680908203125
597.9798583984375
686.5428466796875
775.1058349609375
863.6688232421875
952.2318115234375
1040.7947998046875
1129.3577880859375
1217.9207763671875
1306.4837646484375
1395.0467529296875
1483.6097412109375
1572.1727294921875
1647.9212646484375
1724.7479248046875
1801.5745849609375
1878.4012451171875
1955.2279052734375
2032.0545654296875
2108.881103515625
2185.707763671875
2262.534423828125
2312.017578125
2363.80126953125
2415.5849609375
2467.36865234375
2519.15234375
2570.93603515625
2601.115966796875
2633.11328125
2665.110595703125
2697.10791015625
2729.105224609375
2748.844482421875
2769.614990234375
2790.385498046875
2811.156005859375
2831.926513671875
2844.74267578125
2858.22802734375
2871.71337890625
2885.19873046875
2890.562744140625
2896.610107421875
2902.657470703125
2908.704833984375
2908.898681640625
2909.5849609375
2910.271240234375
2904.119384765625
2898.542724609375
2892.966064453125
2887.389404296875
2877.829833984375
2868.605224609375
2859.380615234375
2842.7607421875
2826.762939453125
2810.76513671875
2792.093994140625
2773.647705078125
2755.201416015625
2733.564453125
2712.196044921875
2690.82763671875
2663.219482421875
2636.13623046875
2609.052978515625
2580.9248046875
2552.884521484375
2524.84423828125
2493.00634765625
2461.48779296875
2429.96923828125
2393.623291015625
2357.68359375
2322.341796875
2286.94970703125
2251.5576171875
2211.760009765625
2172.3330078125
2132.906005859375
2092.5205078125
2052.215576171875
2007.8275146484375
1963.782958984375
1919.7384033203125
1875.2381591796875
1830.7762451171875
1779.994140625
1729.7437744140625
1679.493408203125
1629.7391357421875
1579.943115234375
1529.151611328125
1478.44384765625
1422.5550537109375
1367.1021728515625
1311.6492919921875
1256.9959716796875
1202.275390625
1145.2679443359375
1088.452880859375
1027.8651123046875
967.5947875976562
907.324462890625
849.7273559570312
791.9053344726562
730.4025268554688
669.2094116210938
608.4496459960938
547.6533813476562
483.32470703125
419.293212890625
355.26171875
292.4245910644531
229.4869842529297
160.4000244140625
91.8304214477539
24.84062957763672
-42.282073974609375
-109.7184066772461
-177.12835693359375
-248.06619262695312
-318.70721435546875
-389.3482360839844
-451.5782165527344
-514.5158081054688
-567.2974243164062
-620.9334716796875
-664.6669921875
-709.233642578125
-753.80029296875
-781.0287475585938
-809.7158813476562
-838.4030151367188
-867.0901489257812
-884.5217895507812
-902.900390625
-921.2789916992188
-922.356689453125
-924.8899536132812
-927.4232177734375
-929.9564819335938
-932.48974609375
-919.1663818359375
-907.1770629882812
-895.187744140625
-883.1984252929688
-871.2091064453125
-859.2197875976562
-822.4706420898438
-787.8045654296875
-753.1384887695312
-718.472412109375
-683.8063354492188
-649.1402587890625
-614.4741821289062
-579.80810546875
-545.1420288085938
-510.4759521484375
-416.9620056152344
-328.39898681640625
-239.83596801757812
-151.27294921875
-62.709930419921875
25.85308837890625
114.41610717773438
202.9791259765625
291.5421447753906
380.10516357421875
468.6681823730469
557.231201171875
645.794189453125
734.357177734375
838.5714111328125
941.4688720703125
1044.3663330078125
1147.2637939453125
1250.1612548828125
1321.75634765625
1395.9849853515625
1470.213623046875
1544.4422607421875
1618.6708984375
1708.5506591796875
1765.935546875
1825.9434814453125
1885.951416015625
1945.9593505859375
2005.96728515625
2065.97509765625
2125.98291015625
2185.99072265625
2227.32373046875
2270.22802734375
2313.13232421875
2356.03662109375
2398.94091796875
2426.924072265625
2456.16259765625
2485.401123046875
2514.6396484375
2543.878173828125
2559.700927734375
2576.652587890625
2593.604248046875
2610.555908203125
2627.507568359375
2637.928466796875
2648.898681640625
2659.868896484375
2670.839111328125
2673.762939453125
2677.36376953125
2680.964599609375
2677.27490234375
2674.198486328125
2671.1220703125
2668.045654296875
2661.548095703125
2655.33837890625
2649.128662109375
2636.968994140625
2625.309814453125
2613.650634765625
2598.51123046875
2583.66455078125
2568.81787109375
2553.97119140625
2533.54443359375
2513.587158203125
2493.6298828125
2471.34619140625
2449.25830078125
2420.319091796875
2391.956298828125
2363.593505859375
2333.80224609375
2304.131103515625
2274.4599609375
2242.491943359375
2210.717041015625
2178.942138671875
2141.407958984375
2104.3583984375
2067.30859375
2030.2589111328125
1993.209228515625
1952.8194580078125
1912.710693359375
1872.6019287109375
1828.19580078125
1784.1512451171875
1741.3450927734375
1698.434814453125
1655.5245361328125
1608.7159423828125
1562.2352294921875
1515.281982421875
1468.3685302734375
1421.455078125
1370.64892578125
1320.1702880859375
1269.94091796875
1219.6905517578125
1169.440185546875
1112.9718017578125
1057.0264892578125
1001.88623046875
946.67822265625
890.6652221679688
834.719970703125
773.9091796875
713.5076904296875
653.106201171875
594.125244140625
535.0247802734375
473.639404296875
412.4462890625
347.7017517089844
283.2560119628906
221.92601013183594
160.33387756347656
98.74174499511719
33.12177276611328
-32.159332275390625
-96.3772964477539
-160.68470764160156
-227.59774780273438
-294.29156494140625
-353.40167236328125
-413.1497802734375
-472.89788818359375
-528.2245483398438
-583.9232177734375
-624.5511474609375
-666.447021484375
-708.3428955078125
-736.8007202148438
-766.3890991210938
-795.9774780273438
-812.51953125
-830.1591796875
-847.798828125
-865.4384765625
-866.3168334960938
-868.6053466796875
-870.8938598632812
-873.182373046875
-875.4708862304688
-859.4588012695312
-844.9863891601562
-830.5139770507812
-816.0415649414062
-801.5691528320312
-787.0967407226562
-751.52880859375
-717.7357177734375
-683.942626953125
-650.1495361328125
-616.3564453125
-582.5633544921875
-548.770263671875
-514.9771728515625
-481.1840515136719
-447.39093017578125
-353.7967834472656
-265.2337646484375
-176.67074584960938
-88.10772705078125
0.455291748046875
89.018310546875
177.58132934570312
266.14434814453125
354.7073669433594
443.2703857421875
531.8333740234375
620.3963623046875
708.9593505859375
797.5223388671875
886.0853271484375
974.6483154296875
1063.2113037109375
1151.7742919921875
1240.3372802734375
1328.9002685546875
1417.4632568359375
1494.1865234375
1571.9058837890625
1649.625244140625
1727.3446044921875
1805.06396484375
1882.7833251953125
1960.502685546875
2038.2220458984375
2083.595947265625
2131.691162109375
2179.786376953125
2227.881591796875
2275.976806640625
2324.072021484375
2352.71728515625
2382.998779296875
2413.2802734375
2443.561767578125
2473.84326171875
2492.163818359375
2511.49072265625
2530.817626953125
2550.14453125
2560.964599609375
2572.50048828125
2584.036376953125
2595.572265625
2597.88134765625
2600.966796875
2604.05224609375
2607.1376953125
2604.990966796875
2603.284423828125
2601.577880859375
2599.871337890625
2593.479248046875
2587.4814453125
2581.483642578125
2567.858642578125
2554.875244140625
2541.891845703125
2526.804931640625
2511.89501953125
2496.985107421875
2477.16943359375
2457.7666015625
2438.36376953125
2413.609619140625
2389.3056640625
2365.001708984375
2339.952880859375
2314.966796875
2289.980712890625
2260.418701171875
2231.24169921875
2202.064697265625
2171.255859375
2140.584228515625
2109.91259765625
2074.581298828125
2039.6419677734375
2004.70263671875
1968.8709716796875
1933.1143798828125
1890.9835205078125
1849.388916015625
1807.7943115234375
1765.9805908203125
1724.185302734375
1680.948974609375
1637.8338623046875
1594.71875
1546.261474609375
1498.253662109375
1450.965087890625
1403.615966796875
1356.266845703125
1306.1224365234375
1256.213134765625
1202.4954833984375
1149.0982666015625
1095.7010498046875
1044.3585205078125
992.8430786132812
937.4292602539062
882.3434448242188
827.523681640625
772.6815185546875
717.83935546875
659.1881713867188
600.857421875
543.6337890625
486.3169860839844
422.7147216796875
359.6412658691406
297.6007080078125
235.4732666015625
173.3458251953125
111.07160949707031
48.80974197387695
-18.447002410888672
-85.28352355957031
-150.11660766601562
-215.11825561523438
-280.1199035644531
-345.1215515136719
-404.5292663574219
-464.4075927734375
-524.2859497070312
-568.251708984375
-613.5562133789062
-658.8607177734375
-694.7457275390625
-731.4232177734375
-768.1007080078125
-789.2451171875
-811.6963500976562
-834.1475830078125
-843.7872314453125
-854.5046997070312
-865.22216796875
-875.9396362304688
-867.5245361328125
-860.7191162109375
-853.9136962890625
-847.1082763671875
-840.3028564453125
-817.83642578125
-796.6875610351562
-775.5386962890625
-754.3898315429688
-733.240966796875
-712.0921020507812
-690.9432373046875
-669.7943725585938
-620.586669921875
-573.7395629882812
-526.8924560546875
-480.0453796386719
-433.19830322265625
-386.3512268066406
-339.504150390625
-292.6570739746094
-245.80999755859375
-198.96292114257812
-106.56790924072266
-18.00489044189453
70.5581283569336
159.12115478515625
247.68417358398438
336.2471923828125
424.8102111816406
513.3732299804688
601.936279296875
690.499267578125
779.062255859375
867.625244140625
956.188232421875
1044.751220703125
1133.314208984375
1221.877197265625
1310.440185546875
1399.003173828125
1487.566162109375
1576.129150390625
1664.692138671875
1753.255126953125
1841.818115234375
1930.381103515625
2018.944091796875
2107.507080078125
2185.724609375
2264.8125
2343.900390625
2422.98828125
2502.076171875
2581.1640625
2609.751708984375
2642.588134765625
2675.424560546875
2708.260986328125
2741.097412109375
2763.4755859375
2786.733642578125
2809.99169921875
2833.249755859375
2856.5078125
2869.240966796875
2882.859619140625
2896.478271484375
2910.096923828125
2915.139892578125
2920.904296875
2926.668701171875
2932.43310546875
2933.493408203125
2934.949462890625
2936.405517578125
2931.202880859375
2926.560546875
2921.918212890625
2917.27587890625
2908.488037109375
2900.048828125
2891.609619140625
2877.065185546875
2863.034423828125
2849.003662109375
2832.11474609375
2815.46630859375
2798.81787109375
2775.193603515625
2752.15625
2729.118896484375
2704.203125
2679.4453125
2654.6875
2627.304443359375
2600.14208984375
2572.979736328125
2540.02880859375
2507.56494140625
2475.10107421875
2442.067138671875
2409.0810546875
2376.094970703125
2339.683349609375
2303.56005859375
2262.87109375
2222.566162109375
2182.26123046875
2143.126220703125
2103.892822265625
2060.30908203125
2017.09130859375
1973.87353515625
1930.205810546875
1886.575927734375
1842.946044921875
1795.37451171875
1748.134521484375
1700.775390625
1653.42626953125
1599.8629150390625
1546.8223876953125
1493.7818603515625
1441.5142822265625
1389.1817626953125
1335.8167724609375
1282.53857421875
1224.850830078125
1167.5340576171875
1110.21728515625
1053.1749267578125
996.1094360351562
937.1031494140625
878.2601318359375
815.6842041015625
753.42236328125
691.1605224609375
631.7852172851562
572.1670532226562
508.9245300292969
445.9869079589844
383.4927673339844
320.9613342285156
255.12139892578125
189.559814453125
125.36761474609375
61.060203552246094
-3.2472076416015625
-73.98038482666016
-144.17294311523438
-212.5934600830078
-281.1630554199219
-345.22998046875
-409.67572021484375
-468.0040283203125
-526.8470458984375
-585.6900634765625
-631.7451782226562
-678.8761596679688
-713.5879516601562
-749.3445434570312
-785.1011352539062
-809.1812133789062
-834.24365234375
-859.3060913085938
-884.3685302734375
-890.1980590820312
-897.6456298828125
-905.09326171875
-912.5408935546875
-905.1222534179688
-898.9542846679688
-892.7863159179688
-886.6183471679688
-880.4503784179688
-852.8688354492188
-827.0888671875
-801.3088989257812
-775.5289306640625
-749.7489624023438
-723.968994140625
-698.1890258789062
-672.4090576171875
-646.6290893554688
-620.84912109375
-567.3067626953125
-516.1000366210938
-464.8933410644531
-413.6866455078125
-362.4799499511719
-311.27325439453125
-260.0665588378906
-208.85986328125
-157.65316772460938
-106.44646453857422
-14.451927185058594
74.11109161376953
162.67410278320312
251.23712158203125
339.8001403808594
428.3631591796875
516.9261474609375
605.4891357421875
713.7266235351562
820.3088989257812
926.8911743164062
1033.473388671875
1140.0556640625
1246.637939453125
1353.22021484375
1459.802490234375
1566.384765625
1672.967041015625
1759.8748779296875
1848.4378662109375
1937.0008544921875
2025.5638427734375
2114.126953125
2202.68994140625
2267.9619140625
2335.193359375
2402.4248046875
2469.65625
2536.8876953125
2604.119140625
2671.3505859375
2709.42822265625
2749.958740234375
2790.4892578125
2831.019775390625
2871.55029296875
2912.080810546875
2937.38525390625
2963.970703125
2990.55615234375
3017.1416015625
3033.864990234375
3051.41796875
3068.970947265625
3086.52392578125
3104.076904296875
3114.0126953125
3124.589111328125
3135.16552734375
3145.741943359375
3146.944580078125
3148.935791015625
3150.927001953125
3148.986083984375
3147.3759765625
3145.765869140625
3144.15576171875
3136.2314453125
3128.83837890625
3121.4453125
3107.748291015625
3094.58154296875
3081.414794921875
3068.248046875
3053.10888671875
3038.1357421875
3023.16259765625
3003.05078125
2983.371337890625
2963.69189453125
2941.382568359375
2919.294677734375
2897.206787109375
2870.00927734375
2843.24169921875
2816.47412109375
2788.14111328125
2759.93994140625
2725.1650390625
2690.943359375
2656.7216796875
2621.716552734375
2586.77734375
2551.838134765625
2514.798095703125
2477.934814453125
2435.6865234375
2393.891357421875
2352.09619140625
2310.738525390625
2269.343994140625
2224.82861328125
2180.57568359375
2136.32275390625
2088.09033203125
2040.1927490234375
1993.84228515625
1947.361572265625
1900.880859375
1850.53271484375
1800.5098876953125
1750.3629150390625
1700.2264404296875
1650.0899658203125
1596.1324462890625
1542.496337890625
1489.510498046875
1436.469970703125
1376.9534912109375
1317.98193359375
1259.0103759765625
1201.2939453125
1143.471923828125
1084.8153076171875
1026.2288818359375
962.8916015625
899.9539794921875
838.4854125976562
776.893310546875
715.3011474609375
651.4954833984375
587.8760375976562
520.8997802734375
454.2059631347656
390.4190368652344
326.3875732421875
258.98089599609375
191.85818481445312
125.51451873779297
59.105308532714844
-7.303901672363281
-77.03402709960938
-146.48475646972656
-214.33798217773438
-282.32562255859375
-351.7496337890625
-421.05279541015625
-478.0973815917969
-536.1732788085938
-594.2492065429688
-640.4937744140625
-687.7337036132812
-724.3587036132812
-761.8767700195312
-799.3948364257812
-822.7322387695312
-847.2626342773438
-871.7930297851562
-896.3234252929688
-906.0272827148438
-916.978515625
-927.9297485351562
-938.8809814453125
-934.8851928710938
-932.1469116210938
-929.4086303710938
-926.6703491210938
-923.9320678710938
-898.1342163085938
-874.2764282226562
-850.4186401367188
-826.5608520507812
-802.7030639648438
-778.8452758789062
-754.9874877929688
-731.1296997070312
-683.370361328125
-637.6218872070312
-591.8734130859375
-546.1249389648438
-500.37646484375
-454.62799072265625
-408.8795166015625
-363.13104248046875
-317.382568359375
-271.63409423828125
-179.13815307617188
-90.57513427734375
-2.012115478515625
86.5509033203125
175.11392211914062
263.67694091796875
352.2399597167969
440.802978515625
529.365966796875
617.928955078125
706.491943359375
795.054931640625
883.617919921875
972.180908203125
1060.743896484375
1149.306884765625
1237.869873046875
1326.432861328125
1414.995849609375
1490.78076171875
1567.640625
1644.50048828125
1721.3603515625
1798.22021484375
1875.080078125
1951.93994140625
2028.7998046875
2105.65966796875
2182.51953125
2234.552001953125
2288.67333984375
2342.794677734375
2396.916015625
2451.037353515625
2505.15869140625
2538.466064453125
2573.5244140625
2608.582763671875
2643.64111328125
2678.699462890625
2700.707763671875
2723.81396484375
2746.920166015625
2770.0263671875
2782.115234375
2795.131103515625
2808.14697265625
2821.162841796875
2834.1787109375
2840.24072265625
2846.8876953125
2853.53466796875
2854.268310546875
2855.499267578125
2856.730224609375
2857.961181640625
2850.95166015625
2844.635498046875
2838.3193359375
2832.003173828125
2822.8193359375
2813.876708984375
2804.93408203125
2790.503662109375
2776.534912109375
2762.566162109375
2742.889404296875
2723.69287109375
2704.496337890625
2684.010986328125
2663.634033203125
2643.257080078125
2617.9306640625
2593.020751953125
2568.11083984375
2541.172607421875
2514.405029296875
2487.637451171875
2456.146484375
2425.052978515625
2393.95947265625
2361.65283203125
2329.4482421875
2290.7197265625
2252.5400390625
2214.3603515625
2175.66015625
2137.003662109375
2098.34716796875
2058.10498046875
2017.9962158203125
1972.560791015625
1927.573486328125
1882.586181640625
1838.1724853515625
1793.7105712890625
1746.33447265625
1699.2034912109375
1652.072509765625
1600.910888671875
1550.08837890625
1501.124755859375
1452.0047607421875
1398.9915771484375
1346.305908203125
1293.6202392578125
1241.1917724609375
1188.74169921875
1132.475341796875
1076.530029296875
1021.6563110351562
966.6924438476562
911.7285766601562
849.527587890625
787.9354248046875
728.0720825195312
668.0632934570312
607.4822998046875
546.949462890625
481.689453125
416.8271484375
351.96484375
288.6090087890625
225.12643432617188
159.52713012695312
94.10591125488281
25.406402587890625
-43.017303466796875
-108.46952056884766
-174.17172241210938
-242.05332946777344
-309.7515869140625
-377.4498291015625
-437.037841796875
-497.3081970214844
-549.6846923828125
-602.7252807617188
-655.765869140625
-693.73095703125
-732.96435546875
-772.19775390625
-803.66259765625
-835.781005859375
-867.8994140625
-883.0552978515625
-899.6382446289062
-916.22119140625
-916.9308471679688
-918.9759521484375
-921.0210571289062
-923.066162109375
-925.1112670898438
-909.9089965820312
-896.1577758789062
-882.4065551757812
-868.6553344726562
-854.9041137695312
-841.1528930664062
-805.9676513671875
-772.585693359375
-739.2037353515625
-705.82177734375
-672.4398193359375
-639.057861328125
-605.6759033203125
-572.2939453125
-538.9119873046875
-505.5299987792969
-411.8981018066406
-323.3350830078125
-234.77206420898438
-146.20904541015625
-57.646026611328125
30.9169921875
119.48001098632812
208.04302978515625
296.6060485839844
385.1690673828125
473.7320861816406
562.2951049804688
650.858154296875
739.421142578125
827.984130859375
916.547119140625
1005.110107421875
1093.673095703125
1182.236083984375
1270.799072265625
1346.972412109375
1424.1881103515625
1501.40380859375
1578.6195068359375
1655.835205078125
1733.0509033203125
1810.2666015625
1887.4822998046875
1964.697998046875
2011.943115234375
2061.709716796875
2111.476318359375
2161.242919921875
2211.009521484375
2260.776123046875
2290.0263671875
2321.002685546875
2351.97900390625
2382.955322265625
2402.069091796875
2422.180908203125
2442.292724609375
2462.404541015625
2482.516357421875
2493.986083984375
2506.182861328125
2518.379638671875
2530.576416015625
2534.447509765625
2539.01904296875
2543.590576171875
2548.162109375
2547.330810546875
2546.953857421875
2546.576904296875
2538.181396484375
2530.46044921875
2522.739501953125
2515.0185546875
2503.70654296875
2492.69677734375
2481.68701171875
2466.832275390625
2452.301025390625
2437.769775390625
2416.471435546875
2395.742431640625
2375.013427734375
2352.95849609375
2331.01513671875
2309.07177734375
2282.714111328125
2256.727783203125
2230.741455078125
2199.914306640625
2169.494384765625
2139.074462890625
2108.56298828125
2078.059326171875
2043.2032470703125
2008.71337890625
1974.2235107421875
1938.6492919921875
1903.166259765625
1867.6832275390625
1827.7882080078125
1788.2642822265625
1748.3153076171875
1708.402099609375
1668.4888916015625
1622.2247314453125
1576.494873046875
1530.88134765625
1485.258056640625
1439.634765625
1392.8394775390625
1346.1427001953125
1294.311279296875
1242.9117431640625
1191.51220703125
1141.1181640625
1090.6395263671875
1037.6221923828125
984.8184204101562
932.0146484375
875.5106201171875
819.3179321289062
765.3926391601562
711.276611328125
653.3905029296875
595.821533203125
538.2525634765625
480.95892333984375
423.6421203613281
362.9573059082031
302.55584716796875
243.15133666992188
183.66294860839844
117.84972381591797
52.56861877441406
-12.712486267089844
-76.62918090820312
-140.66065979003906
-204.54190063476562
-268.435791015625
-332.0299987792969
-395.6494140625
-447.9776306152344
-501.25579833984375
-554.533935546875
-595.9359130859375
-638.3370361328125
-680.7381591796875
-712.1947631835938
-744.5721435546875
-776.9495239257812
-790.8805541992188
-806.363525390625
-821.8464965820312
-837.3294677734375
-840.251953125
-844.231201171875
-848.21044921875
-852.189697265625
-836.737548828125
-822.920166015625
-809.102783203125
-795.285400390625
-781.468017578125
-767.650634765625
-733.308837890625
-700.6937866210938
-668.0787353515625
-635.4636840820312
-602.8486328125
-570.2335815429688
-537.6185302734375
-505.0034484863281
-472.38836669921875
-439.7732849121094
-346.0709228515625
-257.5079040527344
-168.94488525390625
-80.38186645507812
8.18115234375
96.74417114257812
185.30718994140625
273.8702087402344
362.4332275390625
450.9962463378906
539.5592651367188
628.122314453125
716.685302734375
805.248291015625
893.811279296875
982.374267578125
1070.937255859375
1145.860107421875
1221.9305419921875
1298.0009765625
1374.0714111328125
1450.141845703125
1526.2122802734375
1602.28271484375
1678.3531494140625
1754.423583984375
1830.4940185546875
1880.50439453125
1932.707275390625
1984.91015625
2037.113037109375
2089.31591796875
2141.518798828125
2171.701416015625
2203.736572265625
2235.771728515625
2267.806884765625
2299.842041015625
2320.34130859375
2341.811279296875
2363.28125
2384.751220703125
2394.7958984375
2405.8017578125
2416.8076171875
2427.8134765625
2433.4931640625
2439.620849609375
2445.74853515625
2451.876220703125
2450.697021484375
2450.132568359375
2449.568115234375
2442.31494140625
2435.62451171875
2428.93408203125
2422.24365234375
2412.66259765625
2403.32470703125
2393.98681640625
2379.047119140625
2364.57861328125
2350.110107421875
2332.542236328125
2315.235107421875
2297.927978515625
2275.242431640625
2253.009521484375
2230.776611328125
2206.610595703125
2182.607177734375
2158.603759765625
2127.685791015625
2097.349609375
2067.013427734375
2035.6651611328125
2004.4019775390625
1973.1387939453125
1939.61181640625
1906.2752685546875
1867.3388671875
1828.87353515625
1790.408203125
1752.1510009765625
1713.8763427734375
1675.6016845703125
1634.138427734375
1592.9434814453125
1547.6077880859375
1502.6204833984375
1457.6331787109375
1413.7886962890625
1369.8480224609375
1321.9468994140625
1274.37890625
1226.8109130859375
1179.362548828125
1131.904052734375
1080.2689208984375
1028.9852294921875
977.7015380859375
927.0466918945312
876.3389892578125
819.2354125976562
762.669921875
707.0509033203125
651.3522338867188
595.653564453125
539.280029296875
482.9632873535156
421.75555419921875
360.95928955078125
301.73248291015625
242.37362670898438
180.5763397216797
118.98420715332031
57.39207458496094
-7.4671478271484375
-72.05150604248047
-133.95326232910156
-196.08071899414062
-259.2410888671875
-322.3145446777344
-375.34527587890625
-429.2209167480469
-483.0965576171875
-528.89794921875
-575.3786010742188
-621.8592529296875
-652.1897583007812
-683.8790283203125
-715.5682983398438
-737.5701904296875
-760.3870849609375
-783.2039794921875
-788.2374267578125
-794.7670288085938
-801.296630859375
-807.8262329101562
-814.3558349609375
-803.645751953125
-794.3860473632812
-785.1263427734375
-775.8666381835938
-766.60693359375
-736.6427612304688
-708.4204711914062
-680.1981811523438
-651.9758911132812
-623.7536010742188
-595.5313110351562
-567.3090209960938
-539.0867309570312
-510.86444091796875
-482.64215087890625
-388.5362854003906
-299.9732666015625
-244.1591796875
-185.58990478515625
-127.02062225341797
-68.45133972167969
-9.882057189941406
48.687225341796875
107.25650787353516
231.32366943359375
349.88043212890625
468.43719482421875
554.2449951171875
642.8079833984375
731.3709716796875
819.9339599609375
908.4969482421875
997.0599365234375
1085.6229248046875
1174.1859130859375
1262.7489013671875
1351.3118896484375
1439.8748779296875
1528.4378662109375
1600.685791015625
1674.3062744140625
1747.9267578125
1821.5472412109375
1895.167724609375
1968.7882080078125
2042.40869140625
2116.029296875
2189.64990234375
2236.453369140625
2285.512939453125
2334.572509765625
2383.632080078125
2432.691650390625
2481.751220703125
2512.139892578125
2544.099365234375
2576.058837890625
2608.018310546875
2639.977783203125
2660.396728515625
2681.78662109375
2703.176513671875
2724.56640625
2736.47998046875
2749.190673828125
2761.9013671875
2774.612060546875
2780.397705078125
2786.765869140625
2793.134033203125
2799.502197265625
2798.45458984375
2798.031005859375
2797.607421875
2797.183837890625
2791.9853515625
2787.1884765625
2782.3916015625
2769.9072265625
2758.069580078125
2746.23193359375
2731.246826171875
2716.526611328125
2701.806396484375
2687.086181640625
2668.81298828125
2650.838623046875
2632.8642578125
2608.388916015625
2584.46044921875
2560.531982421875
2535.531982421875
2510.6220703125
2481.4990234375
2452.73046875
2423.9619140625
2390.3974609375
2357.236328125
2324.0751953125
2291.105224609375
2258.119140625
2225.133056640625
2187.91357421875
2151.05029296875
2113.060302734375
2075.1650390625
2037.269775390625
1995.1162109375
1953.3209228515625
1911.525634765625
1869.400390625
1827.3028564453125
1778.8724365234375
1730.974853515625
1683.3173828125
1635.6397705078125
1587.962158203125
1539.19775390625
1490.5247802734375
1436.693603515625
1383.29638671875
1329.899169921875
1277.5361328125
1225.0860595703125
1170.024169921875
1115.1820068359375
1056.80908203125
998.733154296875
940.6572265625
884.9076538085938
828.96240234375
769.1485595703125
709.66015625
650.87646484375
592.033447265625
533.1904296875
470.614501953125
408.3526306152344
347.2576599121094
286.06451416015625
218.55349731445312
151.57400512695312
85.98912048339844
20.286911010742188
-45.569129943847656
-111.4122314453125
-177.25534057617188
-247.84744262695312
-318.0400085449219
-381.205322265625
-444.96185302734375
-499.7860412597656
-555.3616943359375
-610.9373779296875
-657.05517578125
-703.9686889648438
-733.6090087890625
-764.7025146484375
-795.7960205078125
-816.0375366210938
-837.1920166015625
-858.3464965820312
-879.5009765625
-883.9335327148438
-889.7728881835938
-895.6122436523438
-901.4515991210938
-892.08251953125
-883.992919921875
-875.9033203125
-867.813720703125
-859.72412109375
-851.634521484375
-820.4532470703125
-791.2146606445312
-761.97607421875
-732.7374877929688
-703.4989013671875
-674.2603149414062
-645.021728515625
-615.7831420898438
-586.5445556640625
-557.3059692382812
-498.6585388183594
-442.4853210449219
-386.3121032714844
-330.1388854980469
-273.9656677246094
-217.79244995117188
-161.61923217773438
-105.44600677490234
-49.27278137207031
77.6306381225586
163.21835327148438
251.7813720703125
340.3443908691406
428.90740966796875
517.470458984375
606.033447265625
694.596435546875
783.159423828125
892.7625122070312
1000.5955200195312
1108.428466796875
1216.261474609375
1324.094482421875
1431.927490234375
1497.6802978515625
1566.973388671875
1636.2664794921875
1705.5595703125
1795.8927001953125
1884.4556884765625
1973.0186767578125
2032.64208984375
2094.7001953125
2156.75830078125
2218.81640625
2280.87451171875
2342.9326171875
2404.99072265625
2446.283203125
2489.322509765625
2532.36181640625
2575.401123046875
2618.4404296875
2661.479736328125
2690.236328125
2720.194580078125
2750.15283203125
2780.111083984375
2810.0693359375
2826.742431640625
2844.533203125
2862.323974609375
2880.11474609375
2891.38134765625
2903.19677734375
2915.01220703125
2926.82763671875
2930.322021484375
2934.516357421875
2938.710693359375
2942.905029296875
2939.7001953125
2937.117919921875
2934.53564453125
2928.39697265625
2922.5576171875
2916.71826171875
2910.87890625
2898.944091796875
2887.52197265625
2876.099853515625
2861.282958984375
2846.751708984375
2832.220458984375
2812.068115234375
2792.388671875
2772.709228515625
2750.7939453125
2729.06689453125
2707.33984375
2678.455810546875
2650.173828125
2621.891845703125
2592.2734375
2562.767578125
2533.26171875
2501.558349609375
2470.039794921875
2438.521240234375
2401.1669921875
2364.3037109375
2327.338623046875
2290.382080078125
2253.425537109375
2213.24072265625
2173.32763671875
2129.01708984375
2085.076416015625
2041.1357421875
1998.431640625
1955.62353515625
1909.39208984375
1863.4486083984375
1817.505126953125
1770.1461181640625
1722.9061279296875
1672.1300048828125
1621.6513671875
1571.1727294921875
1520.943359375
1470.6929931640625
1414.359375
1358.5374755859375
1302.715576171875
1247.56396484375
1192.35595703125
1136.4776611328125
1080.65576171875
1019.5465087890625
958.882080078125
900.0659790039062
841.0943603515625
782.1227416992188
720.4353637695312
658.9764404296875
594.25634765625
529.8106079101562
468.0426330566406
406.04937744140625
340.46624755859375
275.1851501464844
209.904052734375
145.38369750976562
80.7993392944336
12.815048217773438
-54.883201599121094
-121.17399597167969
-187.5832061767578
-259.9323425292969
-331.78173828125
-395.850341796875
-460.57354736328125
-525.2967529296875
-579.7642822265625
-635.0946044921875
-680.6446533203125
-727.0175170898438
-773.390380859375
-805.4335327148438
-838.6822509765625
-871.9309692382812
-891.2789306640625
-911.79638671875
-932.3138427734375
-939.5827026367188
-947.9661865234375
-956.3496704101562
-964.733154296875
-973.1166381835938
-960.7984619140625
-950.221923828125
-939.6453857421875
-929.06884765625
-918.4923095703125
-890.1644897460938
-863.330078125
-836.4956665039062
-809.6612548828125
-782.8268432617188
-755.992431640625
-729.1580200195312
-702.3236083984375
-675.4891967773438
-648.65478515625
-554.4214477539062
-501.10870361328125
-444.830322265625
-388.55194091796875
-332.2735595703125
-275.99517822265625
-219.716796875
-163.43841552734375
-107.16004180908203
-50.88166809082031
5.396705627441406
96.92536926269531
185.48838806152344
274.0513916015625
362.6144104003906
451.17742919921875
539.740478515625
628.303466796875
716.866455078125
805.429443359375
893.992431640625
982.555419921875
1071.118408203125
1159.681396484375
1248.244384765625
1336.807373046875
1425.370361328125
1513.933349609375
1602.496337890625
1691.059326171875
1779.622314453125
1855.7940673828125
1933.00830078125
2010.2225341796875
2087.436767578125
2164.65087890625
2241.864990234375
2319.0791015625
2396.293212890625
2441.0478515625
2488.533447265625
2536.01904296875
2583.504638671875
2630.990234375
2678.475830078125
2707.417236328125
2737.9189453125
2768.420654296875
2798.92236328125
2817.253662109375
2836.60888671875
2855.964111328125
2875.3193359375
2894.674560546875
2905.87353515625
2917.7587890625
2929.64404296875
2941.529296875
2946.642822265625
2952.326171875
2958.009521484375
2963.69287109375
2960.511962890625
2958.07666015625
2955.641357421875
2949.83349609375
2944.309326171875
2938.78515625
2933.260986328125
2921.747314453125
2910.737548828125
2899.727783203125
2882.6328125
2866.0498046875
2849.466796875
2831.291259765625
2813.249755859375
2795.208251953125
2772.192626953125
2749.595458984375
2726.998291015625
2701.958984375
2677.125244140625
2652.29150390625
2622.715576171875
2593.53857421875
2564.361572265625
2533.736083984375
2503.232421875
2466.291015625
2429.89111328125
2393.4912109375
2355.97314453125
2318.549072265625
2281.125
2242.14599609375
2203.2978515625
2158.889404296875
2114.94873046875
2071.008056640625
