138.1405029296875
264.65911865234375
391.177734375
517.6963500976562
644.2149658203125
770.7335815429688
897.252197265625
1023.7708129882812
1150.2894287109375
1276.8079833984375
1403.3265380859375
1529.8450927734375
1656.3636474609375
1782.8822021484375
1909.39599609375
2035.9102783203125
2162.424560546875
2288.938720703125
2415.452880859375
2541.967041015625
2668.481201171875
2794.995361328125
2878.8505859375
2966.294921875
3053.7392578125
3141.18359375
3228.6279296875
3316.072265625
3383.75
3453.0908203125
3522.431640625
3591.7724609375
3661.11328125
3718.235595703125
3776.385986328125
3834.536376953125
3892.686767578125
3950.837158203125
4000.6298828125
4051.125732421875
4101.62158203125
4152.1171875
4194.18505859375
4236.9619140625
4279.73876953125
4316.583984375
4353.92822265625
4391.2724609375
4428.61669921875
4458.91162109375
4489.7998046875
4520.68798828125
4547.3994140625
4574.46240234375
4601.525390625
4628.58837890625
4647.7724609375
4667.619140625
4687.4658203125
4704.75927734375
4722.267578125
4739.77587890625
4753.9716796875
4768.4462890625
4782.9208984375
4790.9072265625
4799.439453125
4807.1572265625
4814.943359375
4822.7294921875
4826.4794921875
4830.56884765625
4834.658203125
4834.0380859375
4833.81396484375
4833.58984375
4834.08837890625
4834.52587890625
4830.62158203125
4827.08251953125
4823.54345703125
4819.34619140625
4815.2041015625
4806.74609375
4798.65087890625
4790.5556640625
4782.57763671875
4774.58984375
4760.13720703125
4746.228515625
4732.31982421875
4718.91845703125
4705.474609375
4691.26806640625
4677.12548828125
4658.10546875
4639.49560546875
4620.8857421875
4603.22216796875
4585.47900390625
4565.5556640625
4545.81591796875
4522.40185546875
4499.296875
4476.19189453125
4455.78857421875
4435.15771484375
4410.953125
4387.04931640625
4364.162109375
4341.189453125
4314.52734375
4288.17529296875
4263.3193359375
4238.33740234375
4213.35546875
4182.064453125
4151.30419921875
4122.43994140625
4093.416015625
4064.23583984375
4035.068603515625
4001.567626953125
3968.43115234375
3937.247802734375
3905.900146484375
3872.927978515625
3840.092529296875
3803.914306640625
3768.017333984375
3732.120361328125
3700.056640625
3667.67041015625
3631.96044921875
3596.530029296875
3562.4443359375
3528.24560546875
3490.991943359375
3453.995361328125
3419.046875
3383.92626953125
3342.69580078125
3301.979248046875
3263.404541015625
3224.649658203125
3186.59765625
3148.486572265625
3105.70654296875
3063.3193359375
3023.655029296875
2983.761474609375
2942.244140625
2900.86328125
2856.33447265625
2812.070556640625
2772.22021484375
2731.99853515625
2688.672607421875
2645.607666015625
2604.19921875
2562.651611328125
2518.13818359375
2473.874267578125
2432.027099609375
2389.976806640625
2341.664794921875
2293.879638671875
2248.99267578125
2203.86181640625
2159.300048828125
2114.6904296875
2065.825439453125
2017.3184814453125
1971.54150390625
1925.534912109375
1878.173095703125
1830.92529296875
1780.90771484375
1731.1231689453125
1685.8472900390625
1640.1920166015625
1591.423095703125
1542.9161376953125
1496.560791015625
1446.8785400390625
1397.4609375
1350.99560546875
1304.281982421875
1251.1566162109375
1198.5706787109375
1149.2440185546875
1099.6431884765625
1050.641357421875
1001.5891723632812
948.47119140625
895.6953125
845.7832641601562
795.6302490234375
744.26025390625
692.9926147460938
639.03466796875
585.3030395507812
536.2816772460938
486.8640441894531
434.4004821777344
385.0390319824219
335.43817138671875
281.745849609375
228.3977508544922
178.5382537841797
128.38525390625
71.77450561523438
15.707054138183594
-36.97429656982422
-89.94052124023438
-141.87203979492188
-193.89060974121094
-248.41104125976562
-302.7209777832031
-347.0086364746094
-392.13946533203125
-428.2163391113281
-465.054931640625
-493.6740417480469
-522.9846801757812
-535.9898681640625
-550.3668212890625
-564.7437744140625
-570.4129638671875
-576.814697265625
-583.2164306640625
-575.3211669921875
-568.6287231445312
-561.936279296875
-544.5184326171875
-528.0028686523438
-511.4873352050781
-477.99566650390625
-445.9322204589844
-413.8687744140625
-381.8053283691406
-338.18048095703125
-295.5282897949219
-252.87611389160156
-210.22393798828125
-167.57176208496094
-124.91958618164062
-60.96955490112305
1.1886672973632812
63.34688949584961
125.50511169433594
187.663330078125
249.82154846191406
311.9797668457031
395.49530029296875
477.21405029296875
558.9328002929688
640.6515502929688
722.3703002929688
804.0890502929688
885.8078002929688
961.6787719726562
1038.041748046875
1114.4046630859375
1190.767578125
1267.1304931640625
1330.1361083984375
1394.2655029296875
1458.3948974609375
1522.5242919921875
1586.6536865234375
1638.5001220703125
1691.3798828125
1744.2596435546875
1797.139404296875
1840.8948974609375
1885.41796875
1929.9410400390625
1974.464111328125
2014.23193359375
2054.39990234375
2094.56787109375
2134.73583984375
2168.47412109375
2202.75341796875
2237.03271484375
2267.313232421875
2297.93017578125
2328.547119140625
2359.1640625
2383.883544921875
2409.09912109375
2434.314697265625
2456.535400390625
2479.008056640625
2501.480712890625
2516.50390625
2532.15380859375
2547.8037109375
2561.43603515625
2575.23828125
2589.04052734375
2599.90234375
2611.011474609375
2622.12060546875
2627.09619140625
2632.587890625
2637.22265625
2641.929443359375
2646.63623046875
2647.599365234375
2648.87744140625
2650.155517578125
2646.934814453125
2644.092529296875
2642.21630859375
2640.2587890625
2638.30126953125
2632.0595703125
2626.17822265625
2619.614501953125
2613.108154296875
2606.601806640625
2596.223876953125
2586.171630859375
2576.23974609375
2566.2978515625
2556.35595703125
2539.88671875
2523.966552734375
2508.958251953125
2493.873291015625
2477.614013671875
2461.45361328125
2445.293212890625
2424.531005859375
2404.15576171875
2384.8876953125
2365.5263671875
2343.65234375
2321.98974609375
2300.3271484375
2275.188232421875
2250.341796875
2228.259521484375
2205.94482421875
2179.973388671875
2154.3095703125
2129.538330078125
2104.69189453125
2079.845458984375
2051.3701171875
2023.2000732421875
1996.712890625
1970.0841064453125
1936.84228515625
1904.1568603515625
1873.733154296875
1843.119140625
1812.025390625
1780.9720458984375
1745.646240234375
1710.679931640625
1677.8759765625
1644.89013671875
1609.91015625
1575.097900390625
1540.28564453125
1502.39501953125
1464.763427734375
1430.8800048828125
1396.6812744140625
1359.0816650390625
1321.7681884765625
1286.17138671875
1250.43017578125
1211.3985595703125
1172.643798828125
1135.981201171875
1099.142578125
1056.2457275390625
1013.8585205078125
973.656005859375
933.2696533203125
893.60009765625
853.8702392578125
809.5657958984375
765.6461791992188
724.4985961914062
683.1177978515625
640.2689819335938
597.5436401367188
551.6192626953125
505.96405029296875
464.7936706542969
423.2459716796875
378.7325439453125
334.4686279296875
291.8846435546875
249.1593017578125
203.42617797851562
157.94610595703125
115.10311126708984
72.03825378417969
22.833358764648438
-25.854969024658203
-72.00044250488281
-118.35984802246094
-163.56829833984375
-208.8735809326172
-253.4193115234375
-298.0289611816406
-331.9411926269531
-366.75341796875
-391.1294250488281
-416.3834533691406
-432.6343078613281
-449.6426086425781
-466.6509094238281
-466.8009033203125
-468.36920166015625
-469.9375
-461.5655212402344
-454.0298156738281
-446.4941101074219
-423.5655517578125
-401.9320068359375
-380.2984619140625
-358.6649169921875
-324.6166076660156
-291.61279296875
-258.60894775390625
-225.60511779785156
-173.2050018310547
-122.43672180175781
-71.66844177246094
-20.900157928466797
29.868125915527344
80.63641357421875
147.9701385498047
213.91018676757812
279.8502502441406
345.7903137207031
411.7303771972656
477.6704406738281
543.6104736328125
623.4862670898438
702.1896362304688
780.8930053710938
859.5963745117188
938.2997436523438
1017.0031127929688
1083.094482421875
1150.2469482421875
1217.3994140625
1284.5518798828125
1336.81494140625
1390.3306884765625
1443.846435546875
1497.3621826171875
1543.795166015625
1590.823974609375
1637.852783203125
1684.881591796875
1724.032470703125
1763.8460693359375
1803.65966796875
1843.4732666015625
1876.5247802734375
1910.1451416015625
1943.7655029296875
1974.5794677734375
2005.629638671875
2036.6796875
2067.729736328125
2093.133544921875
2119.012451171875
2144.891357421875
2167.6767578125
2190.722412109375
2213.76806640625
2231.378662109375
2249.446533203125
2267.514404296875
2283.259033203125
2299.198974609375
2315.138916015625
2323.79443359375
2333.06298828125
2342.33154296875
2350.344970703125
2358.4638671875
2366.582763671875
2372.210205078125
2378.04736328125
2383.884521484375
2383.723388671875
2384.06689453125
2384.204345703125
2384.359130859375
2384.513916015625
2381.179931640625
2378.139404296875
2370.740966796875
2363.709228515625
2356.677490234375
2350.90185546875
2345.0205078125
2335.0654296875
2325.453125
2315.8408203125
2305.748291015625
2295.696044921875
2281.940673828125
2268.496826171875
2255.052978515625
2241.987548828125
2228.890380859375
2209.091064453125
2189.855712890625
2171.98046875
2153.99072265625
2136.0009765625
2117.0615234375
2098.2021484375
2074.70703125
2051.60205078125
2029.787841796875
2007.8651123046875
1983.4866943359375
1959.3148193359375
1935.1429443359375
1907.680419921875
1880.4947509765625
1856.305908203125
1831.864990234375
1803.660888671875
1775.7733154296875
1748.8045654296875
1721.758544921875
1691.2938232421875
1661.11669921875
1630.9395751953125
1602.489013671875
1573.8931884765625
1539.0126953125
1504.6610107421875
1471.96484375
1439.12939453125
1406.457763671875
1373.7723388671875
1336.724365234375
1300.04345703125
1265.40283203125
1230.590576171875
1193.9097900390625
1157.38623046875
1117.895751953125
1078.6549072265625
1043.0650634765625
1007.1680297851562
968.3269653320312
929.7335815429688
892.3641357421875
854.8917236328125
814.5968017578125
774.5393676757812
734.48193359375
696.1989135742188
657.7666015625
613.3429565429688
569.42333984375
528.093505859375
486.5458068847656
445.3621826171875
404.14794921875
358.6573181152344
313.5264892578125
271.2069091796875
227.1620635986328
183.24246215820312
136.07814025878906
89.18679809570312
46.658973693847656
3.7640419006347656
-41.95349884033203
-87.4335708618164
-130.83538818359375
-174.41204833984375
-215.77337646484375
-257.3210754394531
-298.8687744140625
-328.00140380859375
-358.17852783203125
-383.5774841308594
-409.3784484863281
-420.4325866699219
-432.7273864746094
-445.0221862792969
-444.6580505371094
-445.35894775390625
-446.0598449707031
-435.4332580566406
-425.7596435546875
-416.0860290527344
-391.8119812011719
-368.7662658691406
-345.7205505371094
-322.6748352050781
-284.4297790527344
-247.4634552001953
-210.49713134765625
-173.5308074951172
-121.42063903808594
-70.58453369140625
-19.748428344726562
31.087677001953125
81.92378234863281
132.7598876953125
183.5959930419922
259.1239318847656
332.57452392578125
406.02508544921875
479.47564697265625
552.9262084960938
626.3767700195312
699.5165405273438
772.6824340820312
845.8483276367188
919.0142211914062
992.1801147460938
1051.7685546875
1112.499267578125
1173.22998046875
1233.960693359375
1294.69140625
1343.9849853515625
1394.24072265625
1444.4964599609375
1494.752197265625
1537.60546875
1581.08154296875
1624.5576171875
1659.1328125
1694.4569091796875
1729.781005859375
1765.1051025390625
1796.6380615234375
1828.489990234375
1860.3419189453125
1888.2899169921875
1916.56640625
1944.8428955078125
1973.119384765625
1994.496826171875
2016.4547119140625
2038.41259765625
2058.795654296875
2079.311279296875
2099.826904296875
2115.5830078125
2131.739501953125
2147.89599609375
2158.627685546875
2169.815673828125
2181.003662109375
2191.84716796875
2202.719482421875
2213.591796875
2219.43505859375
2225.701416015625
2230.5517578125
2235.521240234375
2240.49072265625
2240.717041015625
2241.34228515625
2241.967529296875
2241.97607421875
2242.036376953125
2235.268798828125
2229.07568359375
2222.882568359375
2216.57568359375
2210.2783203125
2202.717041015625
2195.261962890625
2187.806884765625
2175.19189453125
2163.010986328125
2151.325439453125
2139.59814453125
2127.870849609375
2113.50634765625
2099.36376953125
2081.42431640625
2063.80419921875
2048.432373046875
2032.871337890625
2017.310302734375
1997.8743896484375
1978.7645263671875
1960.2005615234375
1941.5906982421875
1919.0784912109375
1896.8946533203125
1874.7108154296875
1853.802001953125
1832.7860107421875
1805.338134765625
1778.431396484375
1752.8817138671875
1727.2178955078125
1701.404296875
1675.6033935546875
1644.8656005859375
1614.5430908203125
1586.4161376953125
1558.1043701171875
1529.7926025390625
1499.1263427734375
1468.658203125
1435.1119384765625
1401.8245849609375
1371.615478515625
1341.1473388671875
1307.4359130859375
1273.997314453125
1241.8707275390625
1209.6337890625
1174.079345703125
1138.803955078125
1105.2030029296875
1071.461181640625
1031.715087890625
992.4741821289062
956.2002563476562
919.6766967773438
883.1531372070312
845.24560546875
807.4544677734375
766.1072998046875
725.059326171875
686.5151977539062
647.7603759765625
607.4038696289062
567.18212890625
523.6702270507812
480.43511962890625
441.7383728027344
402.6598205566406
360.15277099609375
317.93414306640625
277.5360412597656
236.98477172851562
193.31683349609375
149.91110229492188
108.8981704711914
67.68392944335938
20.46508026123047
-26.24859619140625
-70.47603607177734
-114.91264343261719
-158.41030883789062
-201.98696899414062
-245.3769989013672
-288.78271484375
-321.1405944824219
-354.4279479980469
-377.615966796875
-401.65362548828125
-416.3056640625
-431.7473449707031
-447.18902587890625
-445.80804443359375
-445.84234619140625
-445.87664794921875
-436.1990661621094
-427.33856201171875
-418.4780578613281
-393.8533935546875
-370.55499267578125
-347.256591796875
-323.95819091796875
-288.01519775390625
-253.13600158691406
-218.25680541992188
-183.3776092529297
-128.66958618164062
-75.62977600097656
-22.5899658203125
30.449844360351562
83.48965454101562
136.5294647216797
206.57662963867188
275.19293212890625
343.8092346191406
412.425537109375
481.0418395996094
549.6581420898438
618.2744750976562
693.3973999023438
767.972900390625
842.5484619140625
917.1240234375
991.6995849609375
1053.5106201171875
1116.3955078125
1179.2803955078125
1242.165283203125
1305.0501708984375
1353.995361328125
1404.11328125
1454.231201171875
1504.34912109375
1548.0970458984375
1592.380859375
1636.6646728515625
1673.320068359375
1710.6171875
1747.914306640625
1785.21142578125
1815.981201171875
1847.300048828125
1878.618896484375
1907.542724609375
1936.6680908203125
1965.79345703125
1994.9188232421875
2018.4337158203125
2042.420654296875
2066.40771484375
2087.682861328125
2109.18603515625
2130.689208984375
2146.82470703125
2163.411865234375
2179.9990234375
2194.602783203125
2209.373291015625
2224.143798828125
2231.83251953125
2240.116943359375
2248.4013671875
2255.40966796875
2262.525146484375
2269.640625
2274.317626953125
2279.19970703125
2278.194580078125
2277.684814453125
2277.175048828125
2276.56103515625
2275.955810546875
2271.9287109375
2268.189453125
2264.4501953125
2256.421630859375
2248.75390625
2241.086181640625
2234.6865234375
2228.18017578125
2217.681640625
2207.51904296875
2196.99365234375
2186.498779296875
2176.00390625
2161.781494140625
2147.87255859375
2134.3447265625
2120.784912109375
2107.22509765625
2087.193359375
2067.7060546875
2049.1767578125
2030.56689453125
2011.4110107421875
1992.3011474609375
1973.1912841796875
1949.138916015625
1925.5023193359375
1903.5946044921875
1881.5413818359375
1857.028076171875
1832.7218017578125
1804.8126220703125
1777.2066650390625
1752.7615966796875
1728.050537109375
1703.3394775390625
1675.16015625
1647.2725830078125
1620.3038330078125
1593.2578125
1562.475341796875
1532.0072021484375
1503.4278564453125
1474.6895751953125
1439.4873046875
1404.828857421875
1372.1607666015625
1339.3253173828125
1306.4898681640625
1273.6544189453125
1240.8189697265625
1203.6126708984375
1166.7740478515625
1132.14794921875
1097.335693359375
1060.483154296875
1023.80224609375
984.1485595703125
944.7449951171875
908.99951171875
872.9462890625
834.1195678710938
795.5261840820312
757.9829711914062
720.3513793945312
679.7119750976562
639.3256225585938
601.0728149414062
562.6405029296875
518.029052734375
473.9374694824219
432.44085693359375
390.7259521484375
349.5577087402344
308.3434753417969
262.6623840332031
217.3571014404297
174.86875915527344
132.1434326171875
87.73817443847656
43.47425079345703
-3.658447265625
-50.54978942871094
-93.0776138305664
-135.97254943847656
-179.61183166503906
-223.18849182128906
-257.53240966796875
-292.6531066894531
-320.96087646484375
-349.8418273925781
-378.7227783203125
-392.929931640625
-408.3716125488281
-417.80841064453125
-427.75042724609375
-437.69244384765625
-431.92803955078125
-427.48504638671875
-423.04205322265625
-404.95050048828125
-388.0072021484375
-371.06390380859375
-341.0036315917969
-312.0469055175781
-283.0901794433594
-254.13343811035156
-225.17669677734375
-180.23353576660156
-136.6353302001953
-93.03712463378906
-49.43892288208008
-5.840721130371094
56.658966064453125
117.56845092773438
178.47793579101562
239.38742065429688
300.2969055175781
361.2063903808594
437.07208251953125
511.67950439453125
586.2869262695312
660.8943481445312
735.5017700195312
810.1091918945312
878.4553833007812
947.3283081054688
1016.2012329101562
1085.07421875
1153.9471435546875
1209.76025390625
1266.672119140625
1323.583984375
1380.495849609375
1427.94287109375
1476.1861572265625
1524.429443359375
1572.6727294921875
1612.482421875
1653.001708984375
1693.52099609375
1734.040283203125
1769.5274658203125
1805.43798828125
1841.3485107421875
1869.4818115234375
1898.2694091796875
1927.0570068359375
1955.8446044921875
1981.71728515625
2007.835205078125
2033.953125
2056.6474609375
2079.6298828125
2102.6123046875
2119.000732421875
2135.944091796875
2152.887451171875
2168.5771484375
2184.372314453125
2200.16748046875
2211.3603515625
2222.9404296875
2234.5205078125
2241.31787109375
2248.517822265625
2255.7177734375
2262.7333984375
2269.7646484375
2271.917724609375
2274.481201171875
2277.044677734375
2278.406982421875
2279.870361328125
2281.333740234375
2278.311767578125
2275.667236328125
2272.59033203125
2269.5498046875
2266.50927734375
2256.770263671875
2247.594970703125
2238.656982421875
2229.698974609375
2220.740966796875
2210.4677734375
2200.30517578125
2185.026611328125
2170.178466796875
2155.330322265625
2141.38037109375
2127.354736328125
2110.602783203125
2094.080078125
2074.044677734375
2054.304931640625
2034.565185546875
2017.1397705078125
1999.5196533203125
1978.051025390625
1956.9061279296875
1936.322509765625
1915.691650390625
1891.341064453125
1867.3033447265625
1843.265625
1820.6788330078125
1797.969970703125
1768.6778564453125
1739.9395751953125
1712.896484375
1685.7108154296875
1658.219482421875
1630.7537841796875
1599.049560546875
1567.7020263671875
1536.3544921875
1506.126220703125
1475.8037109375
1444.0394287109375
1412.396484375
1377.2930908203125
1342.4808349609375
1311.1290283203125
1279.486083984375
1244.5506591796875
1209.8922119140625
1176.565673828125
1143.127197265625
1106.4918212890625
1070.1253662109375
1035.6239013671875
1000.9654541015625
960.052978515625
919.6666259765625
882.2880859375
844.656494140625
807.02490234375
768.1669311523438
729.412109375
687.0589599609375
645.008544921875
605.670166015625
566.1035766601562
524.7379760742188
483.52374267578125
439.35565185546875
395.4360656738281
355.7333984375
315.6759338378906
272.3348083496094
229.26995849609375
188.2257080078125
147.011474609375
102.65557861328125
58.563995361328125
16.884429931640625
-24.998058319091797
-73.12947845458984
-120.73516845703125
-165.44859313964844
-210.40533447265625
-250.19212341308594
-290.41387939453125
-324.8974304199219
-359.8637390136719
-382.0238952636719
-405.2614440917969
-417.4271240234375
-430.5242919921875
-443.6214599609375
-446.5010986328125
-450.2403564453125
-453.9796142578125
-440.3135986328125
-428.1119079589844
-415.91021728515625
-392.076171875
-369.22076416015625
-346.3653564453125
-323.50994873046875
-283.8184814453125
-245.54345703125
-207.2684326171875
-168.993408203125
-130.7183837890625
-77.34634399414062
-25.244426727294922
26.85749053955078
78.95941162109375
131.0613250732422
183.16323852539062
258.8824462890625
332.61468505859375
406.346923828125
480.07916259765625
553.8114013671875
627.5436401367188
698.8963012695312
770.4491577148438
842.0020141601562
913.5548706054688
985.1077270507812
1043.50634765625
1103.0115966796875
1162.516845703125
1222.0220947265625
1281.52734375
1330.8958740234375
1381.1171875
1431.3385009765625
1471.109619140625
1511.7598876953125
1552.41015625
1593.0604248046875
1629.0103759765625
1665.3558349609375
1701.7012939453125
1738.0467529296875
1768.551513671875
1799.5477294921875
1830.5439453125
1855.624755859375
1881.2032470703125
1906.78173828125
1930.8258056640625
1954.9989013671875
1979.1719970703125
2003.3450927734375
2022.27783203125
2041.6514892578125
2061.025146484375
2077.977294921875
2095.13330078125
2112.289306640625
2124.37255859375
2136.882568359375
2149.392578125
2160.114501953125
2170.98681640625
2174.935302734375
2179.46630859375
2183.997314453125
2187.462890625
2191.01806640625
2194.5732421875
2196.146728515625
2197.886962890625
2193.75390625
2190.114990234375
2186.47607421875
2182.837158203125
2179.1982421875
2175.559326171875
2168.78955078125
2162.283203125
2151.54296875
2141.158935546875
2132.33203125
2123.3740234375
2114.416015625
2101.3154296875
2088.563232421875
2075.936279296875
2063.298828125
2050.661376953125
2034.17724609375
2018.0167236328125
2002.5108642578125
1986.9498291015625
1964.868408203125
1943.3355712890625
1921.802734375
1901.533935546875
1881.1588134765625
1860.0838623046875
1839.06787109375
1813.424560546875
1788.1705322265625
1764.390869140625
1740.4871826171875
1716.58349609375
1690.458251953125
1664.5198974609375
1635.05615234375
1605.8890380859375
1579.9466552734375
1553.73291015625
1523.9808349609375
1494.5264892578125
1466.009521484375
1437.4136962890625
1408.81787109375
1377.056396484375
1345.561279296875
1315.66357421875
1285.6314697265625
1249.1956787109375
1213.298583984375
1179.4224853515625
1145.3763427734375
1111.4964599609375
1077.6026611328125
1039.1041259765625
1000.9930419921875
965.2993774414062
929.40234375
891.6114501953125
853.9798583984375
813.3404541015625
772.9541015625
736.2689208984375
699.2723388671875
659.2913818359375
619.5615234375
581.2484130859375
542.8161010742188
501.3463134765625
460.132080078125
421.24969482421875
382.171142578125
336.8641052246094
292.0810852050781
249.7295379638672
207.17343139648438
165.35281372070312
123.47032165527344
77.08488464355469
31.07828140258789
-12.088531494140625
-55.494258880615234
-100.40379333496094
-145.1868133544922
-188.27972412109375
-231.51483154296875
-261.2889709472656
-292.1955871582031
-323.1022033691406
-346.5089111328125
-370.54656982421875
-380.7736511230469
-392.1626281738281
-403.5516052246094
-405.2853698730469
-407.8314208984375
-410.3774719238281
-396.905517578125
-384.7811584472656
-372.65679931640625
-351.44293212890625
-330.9937744140625
-310.54461669921875
-290.095458984375
-251.87152099609375
-215.1429901123047
-178.41445922851562
-141.68592834472656
-87.92225646972656
-35.59176254272461
16.738731384277344
69.06922912597656
121.39971923828125
173.73020935058594
246.19793701171875
316.97149658203125
387.74505615234375
458.51861572265625
529.2921752929688
600.0657348632812
669.1268310546875
738.3319702148438
807.537109375
876.7422485351562
945.9473876953125
1001.130859375
1057.4940185546875
1113.857177734375
1170.2203369140625
1215.484619140625
1261.6827392578125
1307.880859375
1354.0789794921875
1394.1719970703125
1434.7786865234375
1475.3853759765625
1515.9920654296875
1549.5250244140625
1583.653076171875
1617.7811279296875
1647.89697265625
1678.3504638671875
1708.803955078125
1739.2574462890625
1763.991943359375
1789.20751953125
1814.423095703125
1837.1309814453125
1860.0499267578125
1882.9688720703125
1898.8179931640625
1915.261962890625
1931.7059326171875
1946.48388671875
1961.4019775390625
1976.320068359375
1988.3565673828125
2000.635498046875
2012.9144287109375
2019.09375
2025.7862548828125
2032.478759765625
2038.5189208984375
2044.6138916015625
2046.9521484375
2049.6064453125
2052.2607421875
2050.3046875
2048.736328125
2047.1680908203125
2046.3375244140625
2045.4449462890625
2040.1170654296875
2035.162353515625
2030.2076416015625
2024.692626953125
2019.2247314453125
2009.4705810546875
2000.0770263671875
1990.6834716796875
1981.4091796875
1972.124755859375
1956.3773193359375
1941.173583984375
1925.9698486328125
1911.283203125
1896.5531005859375
1881.0460205078125
1865.6043701171875
1845.05419921875
1824.933837890625
1804.8134765625
1785.9332275390625
1766.9486083984375
1745.605224609375
1724.4603271484375
1699.8636474609375
1675.557373046875
1653.9957275390625
1632.2032470703125
1610.4107666015625
1584.8387451171875
1559.584716796875
1535.218505859375
1510.777587890625
1482.880859375
1455.27490234375
1429.038330078125
1402.6865234375
1370.071533203125
1337.9835205078125
1305.8955078125
1275.7352294921875
1245.4127197265625
1214.77197265625
1184.157958984375
1149.1280517578125
1114.4696044921875
1081.637451171875
1048.651611328125
1014.1744384765625
979.82275390625
941.889892578125
904.25830078125
870.54150390625
836.495361328125
799.054931640625
761.9000854492188
726.1185913085938
690.2215576171875
651.2042236328125
612.4494018554688
575.7868041992188
538.9481811523438
495.86688232421875
453.310791015625
410.75469970703125
370.3876037597656
329.8363342285156
290.0032653808594
250.10977172851562
205.63255310058594
161.5409698486328
120.2269515991211
78.67925262451172
35.475032806396484
-10.418144226074219
-56.07337188720703
-101.72859954833984
-143.08157348632812
-184.79649353027344
-225.42129516601562
-266.1378173828125
-295.5055236816406
-325.8280029296875
-348.27001953125
-371.3750305175781
-379.6284484863281
-389.13134765625
-398.6342468261719
-401.4071350097656
-404.7462158203125
-408.0852966308594
-395.47705078125
-384.21044921875
-372.94384765625
-347.382568359375
-323.0238952636719
-298.66522216796875
-274.3065490722656
-235.66693115234375
-198.22877502441406
-160.79061889648438
-123.35246276855469
-85.914306640625
-31.302120208740234
21.86520004272461
75.03251647949219
128.1998291015625
181.36715698242188
234.53448486328125
307.5804443359375
378.9539794921875
450.3275146484375
521.7010498046875
593.0745849609375
664.4481201171875
731.34912109375
798.6264038085938
865.9036865234375
933.1809692382812
988.6050415039062
1045.0263671875
1101.4476318359375
1157.868896484375
1214.2901611328125
1260.169677734375
1306.93603515625
1353.702392578125
1400.46875
1440.2227783203125
1480.566650390625
1520.91064453125
1553.9691162109375
1587.6405029296875
1621.3118896484375
1654.9832763671875
1684.9620361328125
1715.25146484375
1745.5408935546875
1768.3345947265625
1791.7589111328125
1815.1832275390625
1836.367431640625
1857.7401123046875
1879.11279296875
1897.6318359375
1916.390869140625
1935.14990234375
1947.504150390625
1960.397216796875
1973.290283203125
1985.2593994140625
1997.3062744140625
2009.3531494140625
2017.38232421875
2025.74951171875
2034.11669921875
2037.6192626953125
2041.5311279296875
2045.4429931640625
2049.6455078125
2053.823486328125
2053.298828125
2053.169677734375
2053.04052734375
2051.972900390625
2050.984130859375
2049.995361328125
2044.5645751953125
2039.507568359375
2034.1143798828125
2028.7493896484375
2023.3843994140625
2011.4420166015625
2000.052978515625
1988.7867431640625
1977.5101318359375
1965.2462158203125
1953.0653076171875
1940.8843994140625
1923.6982421875
1906.9332275390625
1890.9595947265625
1874.91943359375
1856.61572265625
1838.50244140625
1820.38916015625
1798.116455078125
1776.1937255859375
1757.06787109375
1737.7066650390625
1714.833984375
1692.2567138671875
1669.679443359375
1647.53173828125
1625.347900390625
1599.8118896484375
1574.557861328125
1550.4853515625
1526.3134765625
1495.584716796875
1465.4075927734375
1437.2672119140625
1408.9554443359375
1380.6436767578125
1351.8662109375
1323.1279296875
1290.079833984375
1257.3944091796875
1226.490966796875
1195.4376220703125
1162.4383544921875
1129.6029052734375
1093.5948486328125
1057.8536376953125
1025.775634765625
993.3894653320312
957.340087890625
921.5989379882812
887.3748779296875
853.023193359375
815.61083984375
778.4559936523438
741.3011474609375
705.8596801757812
670.2740478515625
628.5427856445312
587.3285522460938
548.2689208984375
509.02801513671875
470.31787109375
431.5630798339844
388.287841796875
345.3929138183594
304.87652587890625
264.1600036621094
222.17041015625
180.2879180908203
135.23846435546875
90.4554443359375
50.11248016357422
9.39596939086914
-34.630470275878906
-78.37844848632812
-120.45657348632812
-162.67518615722656
-205.26229858398438
-247.8184051513672
-280.0895690917969
-313.22601318359375
-342.1851806640625
-371.49578857421875
-386.0549011230469
-401.8550720214844
-417.6552429199219
-420.8365478515625
-425.0794982910156
-429.32244873046875
-422.6534423828125
-416.9024658203125
-411.1514892578125
-391.12255859375
-372.29486083984375
-353.4671630859375
-319.84332275390625
-287.46429443359375
-255.08526611328125
-222.70623779296875
-190.32720947265625
-143.15232849121094
-97.22222900390625
-51.29213333129883
-5.362037658691406
40.568058013916016
109.89682006835938
177.25701904296875
244.61721801757812
311.9774169921875
379.3376159667969
446.69781494140625
514.0580444335938
589.1741333007812
663.6376953125
738.1012573242188
812.5648193359375
887.0283813476562
950.057373046875
1014.04833984375
1078.039306640625
1142.0302734375
1206.021240234375
1257.669677734375
1310.3565673828125
1363.04345703125
1415.7303466796875
1460.064453125
1505.101318359375
1550.13818359375
1595.175048828125
1630.7745361328125
1667.1680908203125
1703.5616455078125
1735.686279296875
1768.1700439453125
1800.65380859375
1833.1375732421875
1861.5855712890625
1890.3731689453125
1919.1607666015625
1941.0533447265625
1963.5260009765625
1985.9986572265625
2006.912109375
2027.956787109375
2049.00146484375
2065.568115234375
2082.511474609375
2099.454833984375
2111.136474609375
2123.2607421875
2135.385009765625
2147.17041015625
2158.984375
2170.79833984375
2177.666259765625
2184.9501953125
2192.234130859375
2197.9384765625
2203.775634765625
2209.61279296875
2210.775390625
2212.3310546875
2213.0751953125
2213.8876953125
2214.7001953125
2208.767822265625
2203.40283203125
2197.7001953125
2192.02587890625
2186.3515625
2179.310302734375
2172.384033203125
2160.09228515625
2148.251953125
2136.41162109375
2125.186767578125
2113.91015625
2099.88671875
2086.094482421875
2072.30224609375
2054.464599609375
2036.96728515625
2021.844482421875
2006.5218505859375
1987.3375244140625
1968.47802734375
1949.6185302734375
1931.0316162109375
1912.4217529296875
1890.1947021484375
1868.27197265625
1847.4796142578125
1826.5921630859375
1799.284423828125
1772.516845703125
1745.749267578125
1720.4853515625
1695.094970703125
1669.406005859375
1643.7421875
1613.308837890625
1583.2767333984375
1555.123046875
1526.811279296875
1496.4627685546875
1466.28564453125
1432.8773193359375
1399.7408447265625
1366.6043701171875
1336.8575439453125
1306.825439453125
1273.239013671875
1239.95166015625
1207.9737548828125
1175.8857421875
1140.4864501953125
1105.36572265625
1072.0816650390625
1038.64306640625
998.869140625
959.6282348632812
922.6649780273438
885.5101318359375
848.528076171875
811.531494140625
770.111328125
729.0633544921875
690.5192260742188
651.764404296875
611.2282104492188
570.8418579101562
527.3450927734375
484.1099853515625
445.2359924316406
405.9950866699219
363.3188781738281
320.93170166015625
280.36865234375
239.6521453857422
195.9993896484375
152.59365844726562
111.39886474609375
70.01805877685547
22.426116943359375
-24.64327621459961
-69.21627807617188
-113.99929809570312
-156.72079467773438
-199.61572265625
-239.95169067382812
-280.5029602050781
-321.0542297363281
-349.646484375
-379.244873046875
-398.2173156738281
-418.083740234375
-428.4487609863281
-439.6131591796875
-450.7775573730469
-444.61279296875
-439.90594482421875
-435.1990966796875
-419.98980712890625
-405.6640930175781
-391.33837890625
-377.0126647949219
-346.5891418457031
-317.5199279785156
-288.4507141113281
-259.3815002441406
-216.67800903320312
-175.12158203125
-133.56515502929688
-92.00872039794922
-50.45228576660156
12.262744903564453
73.19767761230469
134.1326141357422
195.0675506591797
256.00250244140625
316.93743896484375
391.9171142578125
465.7151794433594
539.5132446289062
613.3113403320312
687.1094360351562
760.9075317382812
828.9393920898438
897.4563598632812
965.9733276367188
1034.4903564453125
1103.00732421875
1159.4429931640625
1216.8951416015625
1274.3472900390625
1331.7994384765625
1376.629150390625
1422.520751953125
1468.412353515625
1514.303955078125
1554.710205078125
1595.5780029296875
1636.44580078125
1677.3135986328125
1711.097412109375
1745.4771728515625
1779.85693359375
1808.069091796875
1836.8001708984375
1865.53125
1892.376953125
1919.38134765625
1946.3857421875
1973.39013671875
1994.7430419921875
2016.5714111328125
2038.3997802734375
2057.84375
2077.48828125
2097.1328125
2111.61669921875
2126.534912109375
2141.453125
2154.658447265625
2168.0078125
2181.357177734375
2187.623291015625
2194.4853515625
2201.347412109375
2206.996337890625
2212.747314453125
2216.1982421875
2219.8427734375
2223.4873046875
2221.440185546875
2219.871826171875
2218.303466796875
2216.41650390625
2214.556396484375
2209.428955078125
2204.576416015625
2199.723876953125
2190.62548828125
2181.88427734375
2174.663330078125
2167.314453125
2159.965576171875
2148.20556640625
2136.816650390625
2125.427734375
2114.038818359375
2098.872802734375
2084.024658203125
2069.176513671875
2054.5859375
2039.9737548828125
2019.0692138671875
1998.694091796875
1979.2884521484375
1959.80126953125
1940.3140869140625
1920.1356201171875
1900.0152587890625
1875.177490234375
1850.736572265625
1827.7542724609375
1804.6492919921875
1781.5443115234375
1756.2415771484375
1731.1236572265625
1702.3636474609375
1673.9100341796875
1648.65185546875
1623.1248779296875
1594.0916748046875
1565.3533935546875
1537.5440673828125
1509.656494140625
1478.3123779296875
1447.259033203125
1416.2056884765625
1386.898193359375
1357.44384765625
1321.464599609375
1286.0343017578125
1252.61328125
1219.0233154296875
1185.5986328125
1152.16015625
1114.1434326171875
1076.5118408203125
1041.1141357421875
1005.5285034179688
968.0563354492188
930.7428588867188
890.433349609375
850.3759155273438
814.0051879882812
777.3242797851562
737.49267578125
697.9260864257812
659.7734985351562
621.501953125
580.3800659179688
539.4979858398438
500.5850830078125
461.50653076171875
416.1994934082031
371.4164733886719
329.2493591308594
286.8621826171875
245.02606201171875
203.14356994628906
156.9501495361328
111.11941528320312
67.74981689453125
24.173160552978516
-20.72067642211914
-65.50369262695312
-113.17310333251953
-160.5996856689453
-200.3393096923828
-240.72564697265625
-276.5516662597656
-312.7613525390625
-348.9710388183594
-372.18389892578125
-396.49017333984375
-412.0339660644531
-428.31494140625
-444.5959167480469
-445.66546630859375
-448.0147705078125
-443.04412841796875
-438.6893310546875
-434.33453369140625
-413.58123779296875
-394.20758056640625
-374.83392333984375
-355.46026611328125
-321.2043762207031
-288.2005615234375
-255.1967315673828
-222.19290161132812
-173.34849548339844
-125.83677673339844
-78.32505798339844
-30.813335418701172
16.698387145996094
64.21011352539062
131.1485137939453
196.45252990722656
261.75653076171875
327.060546875
392.36456298828125
457.6685791015625
522.9725952148438
599.958740234375
675.9620361328125
751.96533203125
827.9686279296875
903.971923828125
966.8847045898438
1030.8988037109375
1094.912841796875
1158.9268798828125
1222.94091796875
1275.8349609375
1329.66455078125
1383.494140625
1437.32373046875
1481.5528564453125
1526.5897216796875
1571.6265869140625
1616.6634521484375
1655.4111328125
1694.6878662109375
1733.964599609375
1766.3922119140625
1799.39599609375
1832.3997802734375
1865.403564453125
1894.9630126953125
1924.812255859375
1954.6614990234375
1977.082275390625
2000.1279296875
2023.173583984375
2043.9625244140625
2064.94140625
2085.920166015625
2103.872314453125
2122.0791015625
2140.285888671875
2152.1044921875
2164.460693359375
2176.81689453125
2188.240234375
2199.741943359375
2211.24365234375
2218.50634765625
2226.125732421875
2233.7451171875
2236.53515625
2239.731689453125
2242.92822265625
2246.516357421875
2250.071533203125
2248.875
2248.078369140625
2247.28173828125
2245.53662109375
2243.871337890625
2237.828857421875
2232.154541015625
2226.480224609375
2220.693115234375
2214.915283203125
2202.270263671875
2190.203125
2178.135986328125
2166.43994140625
2154.712646484375
2142.116455078125
2129.59326171875
2117.070068359375
2099.249755859375
2081.875
2065.562744140625
2049.1611328125
2030.348388671875
2011.738525390625
1993.128662109375
1970.7591552734375
1948.7059326171875
1929.1787109375
1909.43896484375
1886.0247802734375
1862.9197998046875
1839.8148193359375
1817.5726318359375
1795.2578125
1769.286376953125
1743.62255859375
1719.1466064453125
1694.57080078125
1663.720458984375
1633.39794921875
1604.80517578125
1576.06689453125
1547.32861328125
1518.59033203125
1489.85205078125
1456.1468505859375
1422.8594970703125
1391.6900634765625
1360.342529296875
1327.2061767578125
1294.2203369140625
1257.7144775390625
1221.5047607421875
1188.979248046875
1156.143798828125
1120.1357421875
1084.39453125
1049.8355712890625
1015.1771240234375
977.4462280273438
939.9738159179688
904.2214965820312
868.324462890625
826.2576904296875
784.7099609375
745.5033569335938
706.0997924804688
667.4046020507812
628.6497802734375
584.8168334960938
541.4111328125
498.0054016113281
457.5359191894531
416.81939697265625
374.4627990722656
329.2545166015625
284.2977600097656
239.34100341796875
198.6520538330078
154.4686737060547
110.54907989501953
68.4867172241211
26.268104553222656
-19.130252838134766
-64.26109313964844
-106.95063781738281
-149.84556579589844
-194.23524475097656
-238.49917602539062
-282.7630920410156
-315.20721435546875
-348.645751953125
-370.5129089355469
-393.35357666015625
-407.20989990234375
-421.82208251953125
-436.43426513671875
-437.5499572753906
-439.8011169433594
-442.0522766113281
-431.4598388671875
-421.94793701171875
-412.43603515625
-391.0549011230469
-370.6723327636719
-350.2897644042969
-329.9071960449219
-290.291259765625
-252.29344177246094
-214.29562377929688
-176.2978057861328
-123.62190246582031
-72.18087768554688
-20.739852905273438
30.701171875
82.14219665527344
133.58322143554688
207.0614471435547
278.6856689453125
350.30987548828125
421.93408203125
493.55828857421875
565.1824951171875
636.8067016601562
708.989990234375
781.126220703125
853.262451171875
925.398681640625
997.534912109375
1056.5408935546875
1116.6514892578125
1176.7620849609375
1236.8726806640625
1284.3411865234375
1332.873291015625
1381.4053955078125
1429.9375
1471.3631591796875
1513.3865966796875
1555.4100341796875
1597.4334716796875
1633.5191650390625
1670.1043701171875
1706.6895751953125
1735.4959716796875
1764.956787109375
1794.4176025390625
1823.87841796875
1850.9759521484375
1878.2723388671875
1905.5687255859375
1928.0162353515625
1950.87158203125
1973.7269287109375
1991.279052734375
2009.27734375
2027.275634765625
2044.431396484375
2061.657958984375
2078.884521484375
2091.296142578125
2104.11279296875
2116.929443359375
2127.623291015625
2138.49560546875
2149.367919921875
2155.397705078125
2161.8349609375
2168.272216796875
2173.487548828125
2178.8056640625
2177.342529296875
2176.449951171875
2175.557373046875
2173.927001953125
2172.358642578125
2170.790283203125
2167.506103515625
2164.3662109375
2155.81591796875
2147.720947265625
2139.6259765625
2131.7646484375
2123.883544921875
2113.027099609375
2102.421142578125
2088.463134765625
2074.787109375
2061.111083984375
2048.318359375
2035.451416015625
2018.9884033203125
2002.827880859375
1986.6673583984375
1970.9002685546875
1955.10009765625
1935.4117431640625
1916.050537109375
1897.6455078125
1879.1600341796875
1860.674560546875
1835.6865234375
1811.24560546875
1788.40771484375
1765.4349365234375
1741.7374267578125
1718.100830078125
1689.8228759765625
1661.935302734375
1635.7244873046875
1609.3726806640625
1583.0208740234375
1554.683837890625
1526.5137939453125
1494.874267578125
1463.5267333984375
1435.3389892578125
1406.8853759765625
1375.27197265625
1343.9244384765625
1313.3778076171875
1282.7637939453125
1249.2308349609375
1215.9434814453125
1182.6561279296875
1150.67822265625
1118.5902099609375
1080.449462890625
1042.81787109375
1007.2503662109375
971.5092163085938
935.9378662109375
900.3522338867188
860.0630493164062
820.1695556640625
782.9195556640625
745.4471435546875
706.0437622070312
666.8028564453125
624.494384765625
582.4439697265625
544.51953125
506.24798583984375
464.763427734375
423.5491943359375
383.9556579589844
344.22576904296875
301.22528076171875
258.49993896484375
218.32846069335938
177.94212341308594
131.03402709960938
84.67462158203125
40.97914505004883
-2.940448760986328
-46.1126823425293
-89.34779357910156
-136.9641876220703
-184.21197509765625
-224.14810180664062
-264.6993713378906
-297.3194580078125
-330.6068115234375
-355.7200622558594
-381.5210266113281
-407.3219909667969
-416.4109191894531
-426.9058532714844
-427.97271728515625
-429.832763671875
-431.69281005859375
-418.2838439941406
-406.15948486328125
-394.0351257324219
-381.9107666015625
-358.2781982421875
-335.61383056640625
-312.949462890625
-272.1958923339844
-232.96417236328125
-193.73245239257812
-154.500732421875
-115.2690200805664
-62.48863220214844
-10.848106384277344
40.79241943359375
92.43294525146484
144.07347106933594
195.7139892578125
269.5028991699219
341.4284362792969
413.3539733886719
485.2795104980469
557.205078125
629.130615234375
698.9436645507812
768.9344482421875
838.9252319335938
908.916015625
978.9067993164062
1033.3123779296875
1089.0291748046875
1144.7459716796875
1200.4627685546875
1247.9403076171875
1296.111083984375
1344.2818603515625
1392.45263671875
1431.6923828125
1471.6834716796875
1511.674560546875
1551.6656494140625
1584.19677734375
1617.35546875
1650.51416015625
1680.9569091796875
1711.628173828125
1742.2994384765625
1772.970703125
1798.0155029296875
1823.53369140625
1849.0518798828125
1871.8704833984375
1894.9161376953125
1917.9617919921875
1935.8753662109375
1954.2208251953125
1972.5662841796875
1988.9136962890625
2005.42919921875
2021.9447021484375
2031.5166015625
2041.6727294921875
2051.828857421875
2060.5703125
2069.430908203125
2078.29150390625
2084.784912109375
2091.477294921875
2092.359130859375
2093.72998046875
2095.100830078125
2096.06591796875
2097.065185546875
2098.064453125
2095.5146484375
2093.263427734375
2086.708251953125
2080.51513671875
2074.322021484375
2069.25732421875
2064.097900390625
2054.67236328125
2045.6058349609375
2036.539306640625
2027.2349853515625
2017.9505615234375
2004.503173828125
1991.406005859375
1978.308837890625
1965.7135009765625
1953.075927734375
1933.91748046875
1915.3076171875
1897.5096435546875
1879.643310546875
1861.7769775390625
1843.234619140625
1824.7491455078125
1801.3642578125
1778.3914794921875
1756.990966796875
1735.4581298828125
1711.336669921875
1687.4329833984375
1663.529296875
1636.3466796875
1609.43994140625
1585.519287109375
1561.347412109375
1533.5792236328125
1506.113525390625
1479.7130126953125
1453.222900390625
1423.0235595703125
1393.1363525390625
1363.2491455078125
1335.0821533203125
1306.7703857421875
1272.03076171875
1237.83203125
1205.6123046875
1173.22607421875
1140.83984375
1108.45361328125
1071.550048828125
1035.0264892578125
1000.5394287109375
965.8809814453125
929.3576049804688
892.9911499023438
853.6634521484375
814.5848999023438
779.1502685546875
743.4091186523438
704.5537109375
665.9603271484375
627.366943359375
590.1710205078125
552.8575439453125
512.18896484375
471.8026123046875
433.9005126953125
395.7893981933594
351.1484375
307.0568542480469
265.56024169921875
223.84532165527344
182.31298828125
140.76528930664062
95.3052978515625
50.17445373535156
7.4849090576171875
-35.4100227355957
-79.79969787597656
-125.96638488769531
-171.97299194335938
-217.97959899902344
-255.89202880859375
-294.4854431152344
-326.9561767578125
-359.9420166015625
-380.14013671875
-401.4140930175781
-413.6343688964844
-426.6163330078125
-439.59832763671875
-437.2132263183594
-436.1209716796875
-435.0287170410156
-426.173828125
-417.9720153808594
-409.77020263671875
-384.9476013183594
-361.5233154296875
-338.09906005859375
-314.6748046875
-275.89813232421875
-238.4130859375
-200.92803955078125
-163.4429931640625
-125.95793914794922
-71.76919555664062
-18.985748291015625
33.797698974609375
86.58114624023438
139.36459350585938
192.14804077148438
264.8935546875
335.95965576171875
407.0257568359375
478.09185791015625
549.157958984375
620.2240600585938
694.6121215820312
768.720703125
842.8292846679688
916.9378662109375
991.0464477539062
1051.0203857421875
1112.1834716796875
1173.3465576171875
1234.5096435546875
1295.6727294921875
1346.5831298828125
1398.3560791015625
1450.1290283203125
1501.9019775390625
1544.4373779296875
1587.7498779296875
1631.0623779296875
1674.3748779296875
1711.8338623046875
1749.7852783203125
1787.7366943359375
1819.086181640625
1850.9910888671875
1882.89599609375
1914.8009033203125
1943.3021240234375
1972.0897216796875
2000.8773193359375
2022.2783203125
2044.30078125
2066.3232421875
2086.190185546875
2106.238525390625
2126.286865234375
2143.25439453125
2160.48095703125
2177.70751953125
2188.768798828125
2200.348876953125
2211.928955078125
2222.476806640625
2233.111572265625
2243.746337890625
2250.26171875
2257.123779296875
2263.98583984375
2266.253662109375
2268.907958984375
2271.85888671875
2274.784912109375
2277.7109375
2276.046875
2274.76904296875
2273.4912109375
2271.257568359375
2269.1044921875
2262.654052734375
2256.56494140625
2250.475830078125
2244.159423828125
2237.862060546875
2224.891845703125
2212.48291015625
2200.073974609375
2188.162109375
2176.20849609375
2163.00634765625
2149.9091796875
2132.007568359375
2114.51025390625
2097.012939453125
2080.44775390625
2063.803955078125
2044.6043701171875
2025.6197509765625
2002.85595703125
1980.4100341796875
1957.964111328125
1938.472900390625
1918.733154296875
1895.029296875
1871.658935546875
1849.154541015625
1826.5772705078125
1800.480224609375
1774.6793212890625
1748.87841796875
1724.267578125
1699.5565185546875
1668.5595703125
1638.0914306640625
1609.2001953125
1580.17626953125
1551.15234375
1522.12841796875
1488.449462890625
1455.162109375
1423.83154296875
1392.33642578125
1360.84130859375
1327.5540771484375
1294.4176025390625
1257.75439453125
1221.387939453125
1188.8768310546875
1156.0413818359375
1119.8631591796875
1083.966064453125
1049.2535400390625
1014.4413452148438
976.55078125
938.919189453125
903.0109252929688
866.9577026367188
824.9052734375
783.3575439453125
743.9729614257812
704.4063720703125
665.1953735351562
625.9544677734375
582.3524780273438
539.1173706054688
498.451416015625
457.5693359375
415.04388427734375
372.6567077636719
327.2738342285156
282.14300537109375
241.4700469970703
200.4220428466797
156.05087280273438
111.95928955078125
69.72866821289062
27.341480255126953
-18.231857299804688
-63.537139892578125
-106.02548217773438
-148.75082397460938
-194.8668212890625
-240.6975555419922
-274.83441162109375
-309.9551086425781
-334.00579833984375
-358.9878234863281
-383.9698486328125
-399.9800720214844
-416.7451171875
-419.8377990722656
-424.08074951171875
-428.3236999511719
-419.8891296386719
-412.5211181640625
-405.1531066894531
-386.10235595703125
-368.03448486328125
-349.96661376953125
-331.89874267578125
-294.6683654785156
-259.0501403808594
-223.43191528320312
-187.81369018554688
-137.93850708007812
-89.26277160644531
-40.5870361328125
8.088699340820312
56.764434814453125
105.44017028808594
175.43023681640625
243.62710571289062
311.823974609375
380.0208435058594
448.21771240234375
516.41455078125
586.8985595703125
657.1901245117188
727.481689453125
797.7732543945312
868.0648193359375
926.3756713867188
985.6944580078125
1045.0133056640625
1104.3321533203125
1163.6510009765625
1210.3994140625
1258.2054443359375
1306.011474609375
1346.5723876953125
1387.7427978515625
1428.9132080078125
1470.0836181640625
1505.2984619140625
1541.0142822265625
1576.7301025390625
1612.4459228515625
1640.3497314453125
1668.9107666015625
1697.4718017578125
1723.7545166015625
1750.2288818359375
1776.7032470703125
1798.38720703125
1820.4742431640625
1842.561279296875
1859.41845703125
1876.7156982421875
1894.012939453125
1910.690673828125
1927.4205322265625
1944.150390625
1955.9361572265625
1968.1378173828125
1980.3394775390625
1990.743408203125
2001.298583984375
2011.853759765625
2017.5390625
2023.634033203125
2029.72900390625
2034.7857666015625
2039.9298095703125
2045.0738525390625
2043.2060546875
2041.92822265625
2040.2271728515625
2038.561767578125
2036.8963623046875
2033.403564453125
2030.064453125
2021.298095703125
2012.9884033203125
2004.6787109375
1996.7203369140625
1988.732421875
1977.520751953125
1966.5802001953125
1955.6396484375
1941.0750732421875
1926.8154296875
1914.326904296875
1901.6893310546875
1885.2052001953125
1869.044677734375
1852.8841552734375
1836.7236328125
1820.5631103515625
1800.7703857421875
1781.283203125
1762.8897705078125
1744.404296875
1725.9188232421875
1700.635986328125
1675.9249267578125
1652.9674072265625
1629.8624267578125
1605.8853759765625
1581.981689453125
1553.728271484375
1525.8406982421875
1497.953125
1471.59130859375
1445.1011962890625
1416.6221923828125
1388.3104248046875
1356.5228271484375
1325.0277099609375
1297.0084228515625
1268.6966552734375
1236.7476806640625
1205.104736328125
1174.7445068359375
1144.2763671875
1113.8082275390625
1079.931396484375
1046.3414306640625
1014.5536499023438
982.6142578125
944.2855834960938
906.4944458007812
870.9415893554688
835.200439453125
799.4592895507812
763.7181396484375
723.4432373046875
683.5497436523438
645.9517211914062
608.1605834960938
568.7864990234375
529.5455932617188
487.0534362792969
444.8348388671875
406.7503356933594
368.3180236816406
326.6663818359375
285.28558349609375
245.34970092773438
205.29225158691406
162.32183837890625
119.59650421142578
79.24494934082031
38.693687438964844
-8.392459869384766
-54.9288215637207
-98.60804748535156
-142.52764892578125
-182.76950073242188
-223.32077026367188
-259.4743347167969
-295.99786376953125
-320.3655700683594
-345.7559509277344
-371.1463317871094
-385.2846984863281
-400.36968994140625
-405.85980224609375
-412.15716552734375
-418.45452880859375
-407.4020690917969
-397.80926513671875
-388.2164611816406
-368.0185241699219
-348.7127990722656
-329.4070739746094
-310.1013488769531
-274.1180419921875
-239.53782653808594
-204.95761108398438
-170.3773956298828
-121.35650634765625
-73.55052185058594
-25.744537353515625
22.061447143554688
69.867431640625
117.67341613769531
187.9840850830078
256.40142822265625
324.8187561035156
393.236083984375
461.6534118652344
530.0707397460938
598.8349609375
667.5700073242188
736.3050537109375
805.0401000976562
873.775146484375
930.7109375
988.639404296875
1046.56787109375
1104.496337890625
1152.4783935546875
1201.2972412109375
1250.1160888671875
1298.9349365234375
1337.039306640625
1376.045166015625
1415.051025390625
1454.056884765625
1488.88134765625
1524.0576171875
1559.23388671875
1588.23046875
1617.7469482421875
1647.263427734375
1676.7799072265625
1700.462158203125
1724.63525390625
1748.808349609375
1771.6812744140625
1794.66357421875
1817.6458740234375
1835.640869140625
1854.055419921875
1872.469970703125
1888.654541015625
1905.0267333984375
1921.39892578125
1932.8790283203125
1944.770751953125
1956.6624755859375
1967.0948486328125
1977.6500244140625
1988.2052001953125
1991.79736328125
1995.975341796875
2000.1533203125
2003.4556884765625
2006.831787109375
2008.018310546875
2009.3890380859375
2010.759765625
2006.5511474609375
2002.8118896484375
1999.18212890625
1995.543212890625
1991.904296875
1984.9056396484375
1978.189697265625
1967.46875
1957.084716796875
1946.70068359375
1937.873779296875
1928.9158935546875
1915.815185546875
1903.06298828125
1890.310791015625
1877.55859375
1864.806396484375
1848.0694580078125
1831.667724609375
1815.2659912109375
1799.6517333984375
1783.9713134765625
1761.75927734375
1740.0966796875
1719.5606689453125
1698.9298095703125
1677.7376708984375
1656.5927734375
1635.4478759765625
1609.518310546875
1583.9913330078125
1560.0904541015625
1536.052734375
1509.78955078125
1483.713623046875
1454.1058349609375
1424.795166015625
1398.715087890625
1372.36328125
1346.011474609375
1316.1148681640625
1286.5164794921875
1258.16796875
1229.71435546875
1197.61669921875
1165.82568359375
1135.7967529296875
1105.61962890625
1069.026611328125
1032.973388671875
999.111572265625
965.0654296875
931.019287109375
896.97314453125
858.3134765625
820.0419311523438
781.7703857421875
745.7501220703125
709.5404052734375
671.60400390625
633.8128662109375
592.82763671875
552.1111450195312
515.456298828125
478.459716796875
438.12109375
398.0636291503906
359.4284973144531
320.6737060546875
278.86944580078125
237.32174682617188
198.11514282226562
158.71157836914062
112.86416625976562
67.55888366699219
25.070541381835938
-17.65479278564453
-60.01091766357422
-102.39810180664062
-148.92959594726562
-195.1124267578125
-233.53839111328125
-272.616943359375
-303.0935974121094
-334.2939147949219
-356.9449768066406
-380.3153076171875
-403.6856384277344
-410.3774719238281
-418.47247314453125
-416.73974609375
-415.8338623046875
-414.927978515625
-398.9644470214844
-384.2677307128906
-369.5710144042969
-354.8742980957031
-328.23046875
-302.5917663574219
-276.95306396484375
-251.31436157226562
-207.41839599609375
-165.0584259033203
-122.69845581054688
-80.33848571777344
-37.978519439697266
18.34521484375
73.4941635131836
128.6431121826172
183.79205322265625
238.94100952148438
294.0899658203125
369.78009033203125
443.7420654296875
517.7040405273438
591.666015625
665.6279907226562
739.5899658203125
806.926025390625
874.819580078125
942.713134765625
1010.606689453125
1063.24658203125
1117.1697998046875
1171.093017578125
1225.0162353515625
1278.939453125
1325.1715087890625
1372.050537109375
1418.9295654296875
1457.3603515625
1496.5018310546875
1535.643310546875
1574.7847900390625
1606.5426025390625
1638.921630859375
1671.3006591796875
1703.6796875
1733.477294921875
1763.4920654296875
1793.5068359375
1818.015869140625
1842.9881591796875
1867.96044921875
1890.3431396484375
1912.9437255859375
1935.5443115234375
1952.8912353515625
1970.68017578125
1988.4691162109375
2004.39697265625
2020.4814453125
2036.56591796875
2045.73876953125
2055.4931640625
2065.24755859375
2073.757080078125
2082.371337890625
2090.985595703125
2097.0361328125
2103.302490234375
2109.56884765625
2109.982421875
2110.888427734375
2111.59033203125
2112.309326171875
2113.0283203125
2110.182373046875
2107.63623046875
2100.88037109375
2094.478515625
2088.07666015625
2082.806884765625
2077.44189453125
2072.076904296875
2062.551513671875
2053.376220703125
2043.7236328125
2034.1112060546875
2020.4417724609375
2007.1136474609375
1993.7855224609375
1981.0863037109375
1968.3341064453125
1948.91357421875
1930.0540771484375
1911.194580078125
1893.4195556640625
1875.55322265625
1856.875
1838.26513671875
1814.7471923828125
1791.6422119140625
1769.97021484375
1748.177734375
1726.38525390625
1702.141357421875
1678.1036376953125
1650.78125
1623.7352294921875
1599.6806640625
1575.3743896484375
1547.311767578125
1519.565185546875
1493.6427001953125
1467.5667724609375
1441.4908447265625
1410.6192626953125
1380.151123046875
1352.0374755859375
1323.7257080078125
1288.65185546875
1254.14697265625
1221.9554443359375
1189.5692138671875
1157.019775390625
1124.484130859375
1087.250244140625
1050.41162109375
1016.1210327148438
981.6160888671875
945.07861328125
908.712158203125
869.0296020507812
829.6260375976562
790.2224731445312
754.6475219726562
718.75048828125
679.733154296875
640.9783325195312
603.7972412109375
566.4837646484375
525.815185546875
485.4288330078125
447.1759948730469
408.7436828613281
364.1322326660156
320.0406494140625
278.361083984375
236.4785919189453
194.96163940429688
153.4139404296875
107.76348876953125
62.45820617675781
19.59915542602539
-23.4656982421875
-67.83976745605469
-112.10369110107422
-159.04238891601562
-205.75607299804688
-243.77976989746094
-282.5345764160156
-315.650146484375
-349.24017333984375
-369.9490051269531
-391.7415466308594
-404.03997802734375
-417.13714599609375
-430.23431396484375
-429.0686950683594
-429.1029968261719
-429.1372985839844
-420.9977111816406
-413.5458068847656
-406.0939025878906
-382.0321350097656
-359.3677673339844
-336.7033996582031
-314.0390319824219
-275.966552734375
-239.19036865234375
-202.4141845703125
-165.63800048828125
-128.86181640625
-75.71128845214844
-23.9383544921875
27.834579467773438
79.60751342773438
131.3804473876953
183.15338134765625
254.610595703125
324.4117431640625
394.212890625
464.0140380859375
533.815185546875
603.6163330078125
677.5653686523438
751.1654663085938
824.7655639648438
898.3656616210938
971.9657592773438
1031.59814453125
1092.4056396484375
1153.213134765625
1214.0206298828125
1274.828125
1325.4814453125
1376.9891357421875
1428.496826171875
1480.0045166015625
1522.250244140625
1565.275146484375
1608.300048828125
1645.3785400390625
1682.957275390625
1720.5360107421875
1758.11474609375
1789.150390625
1820.736572265625
1852.32275390625
1880.60595703125
1909.1669921875
1937.72802734375
1966.2890625
1987.640380859375
2009.5982666015625
2031.55615234375
2051.35595703125
2071.337158203125
2091.318359375
2108.21484375
2125.370849609375
2142.52685546875
2153.50927734375
2165.010986328125
2176.5126953125
2187.067626953125
2197.702392578125
2208.337158203125
2214.76025390625
2221.53759765625
2223.61474609375
2226.08740234375
2228.56005859375
2231.527587890625
2234.45361328125
2237.379638671875
2235.715576171875
2234.437744140625
2232.09716796875
2229.845947265625
2227.5947265625
2221.153076171875
2215.06396484375
2208.74755859375
2202.4501953125
2196.15283203125
2183.057861328125
2170.53466796875
2158.63330078125
2146.6796875
2134.72607421875
2121.649658203125
2108.667724609375
2090.62158203125
2073.00146484375
2056.447509765625
2039.8038330078125
2023.16015625
2003.82373046875
1984.7138671875
1962.2476806640625
1940.0638427734375
1920.271728515625
1900.2784423828125
1880.28515625
1856.4593505859375
1832.9560546875
1810.6072998046875
1788.161376953125
1761.7520751953125
1735.6761474609375
1711.238037109375
1686.6622314453125
1655.4935302734375
1624.8795166015625
1594.2655029296875
1565.543701171875
1536.6627197265625
1507.4693603515625
1478.30224609375
1444.4713134765625
1411.03271484375
1379.716064453125
1348.220947265625
1314.9337158203125
1281.7972412109375
1244.9625244140625
1208.43896484375
1175.9422607421875
1143.1068115234375
1106.758056640625
1070.704833984375
1034.651611328125
999.953369140625
965.1411743164062
927.076416015625
889.2852783203125
853.3917236328125
817.3385009765625
775.103515625
733.3886108398438
693.841064453125
654.1112060546875
614.9152221679688
575.67431640625
531.885986328125
488.4802551269531
447.6488342285156
406.600830078125
364.09063720703125
321.7034606933594
276.130126953125
230.82484436035156
189.80453491210938
148.42373657226562
104.08314514160156
59.99156188964844
17.576499938964844
-24.97960662841797
-70.728271484375
-116.20834350585938
-158.86581420898438
-201.7607421875
-245.96224975585938
-290.0538330078125
-321.8553466796875
-354.69085693359375
-375.75360107421875
-397.8067932128906
-419.8599853515625
-432.7664794921875
-446.4424743652344
-446.2657470703125
-447.25445556640625
-448.2431640625
-436.36761474609375
-425.5743408203125
-414.78106689453125
-391.8682861328125
-369.9751281738281
-348.08197021484375
-326.1888122558594
-284.9236145019531
-245.2882080078125
-205.65280151367188
-166.01739501953125
-126.38198852539062
-71.93690490722656
-18.737773895263672
34.46135711669922
87.66049194335938
140.859619140625
194.05874633789062
269.1322021484375
342.3653564453125
415.5985107421875
488.8316650390625
562.0648193359375
635.2979736328125
705.4415893554688
775.8450927734375
846.2486572265625
916.6522216796875
987.0557861328125
1044.26123046875
1102.5770263671875
1160.892822265625
1219.2086181640625
1265.1190185546875
1312.072998046875
1359.027099609375
1405.981201171875
1446.052490234375
1486.7027587890625
1527.35302734375
1568.0032958984375
1602.9454345703125
1638.3677978515625
1673.7901611328125
1701.596923828125
1730.0443115234375
1758.49169921875
1786.9390869140625
1813.0379638671875
1839.33447265625
1865.6309814453125
1887.2608642578125
1909.2833251953125
1931.3057861328125
1948.0146484375
1965.1705322265625
1982.326416015625
1998.7830810546875
2015.298583984375
2031.8140869140625
2043.3658447265625
2055.335205078125
2067.304443359375
2077.5556640625
2087.951416015625
2098.34716796875
2103.67138671875
2109.42236328125
2115.17333984375
2119.9755859375
2124.857666015625
2122.69677734375
2121.12841796875
2119.56005859375
2117.566650390625
2115.609130859375
2113.651611328125
2109.967529296875
2106.4287109375
2097.32763671875
2088.694580078125
2080.0615234375
2071.781494140625
2063.4716796875
2052.28955078125
2041.3489990234375
2026.270751953125
2011.5406494140625
1996.810546875
1984.11474609375
1971.247802734375
1954.521484375
1938.1197509765625
1921.718017578125
1905.4481201171875
1889.1671142578125
1869.2476806640625
1849.63427734375
1830.98046875
1812.245849609375
1786.98583984375
1762.2747802734375
1737.563720703125
1714.17138671875
1690.6680908203125
1666.7275390625
1642.8238525390625
1614.416259765625
1586.3875732421875
1559.73583984375
1532.96826171875
1506.20068359375
1477.7470703125
1449.435302734375
1417.32470703125
1385.53369140625
1357.3865966796875
1328.9329833984375
1296.8353271484375
1265.0443115234375
1234.5384521484375
1203.9244384765625
1169.7293701171875
1135.8355712890625
1103.913330078125
1071.8253173828125
1033.160888671875
995.0498046875
956.938720703125
920.9036865234375
884.6939697265625
848.995849609375
813.2546997070312
772.80078125
732.7433471679688
695.160400390625
657.3692626953125
617.6395874023438
578.072998046875
535.4266967773438
493.0395202636719
454.79461669921875
416.2012023925781
374.3821105957031
332.83441162109375
292.9138488769531
252.8563995361328
209.70082092285156
166.80589294433594
126.10869598388672
85.22660064697266
38.17084503173828
-8.365516662597656
-52.23252868652344
-96.32411193847656
-139.66683959960938
-183.07257080078125
-225.9205780029297
-268.8155212402344
-301.0555725097656
-334.1920166015625
-356.9559020996094
-380.59246826171875
-404.22900390625
-418.5284729003906
-433.61346435546875
-431.5450134277344
-430.9197082519531
-430.2944030761719
-419.1754150390625
-408.93927001953125
-398.703125
-372.7112121582031
-348.0448303222656
-323.3784484863281
-298.7120666503906
-260.979736328125
-224.34666442871094
-187.71359252929688
-151.0805206298828
-114.44744873046875
-57.894813537597656
-3.0180320739746094
51.85874938964844
106.73553466796875
161.61231994628906
216.48910522460938
287.1585693359375
356.4993896484375
425.8402099609375
495.1810302734375
564.5218505859375
633.8626708984375
705.2456665039062
776.4568481445312
847.6680297851562
918.8792114257812
990.0903930664062
1048.9527587890625
1108.85400390625
1168.75537109375
1228.65673828125
1275.2716064453125
1323.0042724609375
1370.7369384765625
1418.4696044921875
1460.1068115234375
1502.2568359375
1544.4068603515625
1586.556884765625
1621.3612060546875
1656.7835693359375
1692.2059326171875
1727.6282958984375
1756.54150390625
1786.0023193359375
1815.463134765625
1842.9407958984375
1870.5853271484375
1898.2298583984375
1920.50634765625
1943.2344970703125
1965.962646484375
1986.202392578125
2006.6514892578125
2027.1005859375
2042.3890380859375
2058.111572265625
2073.834228515625
2087.868896484375
2102.04541015625
2116.221923828125
2123.42138671875
2131.207763671875
2138.994140625
2145.586181640625
2152.278564453125
2158.970947265625
2163.111083984375
2167.4658203125
2171.820556640625
2170.6552734375
2169.954345703125
2168.939208984375
2167.950439453125
2166.961669921875
2162.640380859375
2158.599365234375
2150.36572265625
2142.484619140625
2134.603515625
2127.99462890625
2121.278564453125
2110.4365234375
2099.941650390625
2089.44677734375
2078.708984375
2067.99169921875
2053.40673828125
2039.1470947265625
2024.887451171875
2011.1380615234375
1997.345703125
1976.7828369140625
1956.78955078125
1938.0341796875
1919.1746826171875
1900.315185546875
1880.7703857421875
1861.283203125
1836.9737548828125
1813.070068359375
1790.758056640625
1768.3121337890625
1743.2452392578125
1718.3988037109375
1690.539306640625
1662.933349609375
1635.327392578125
1610.4381103515625
1585.3201904296875
1556.715087890625
1528.4033203125
1501.1683349609375
1473.8427734375
1442.9266357421875
1412.3126220703125
1383.434814453125
1354.410888671875
1325.386962890625
1289.874755859375
1254.908447265625
1222.1044921875
1189.11865234375
1155.9683837890625
1122.8319091796875
1085.307861328125
1048.1529541015625
1013.0502319335938
977.7748413085938
940.6201782226562
903.6235961914062
863.8209838867188
824.25439453125
788.181884765625
751.8154296875
712.3104858398438
673.069580078125
635.2371215820312
597.2861938476562
556.1348266601562
515.2527465820312
476.693359375
437.9385681152344
392.7911071777344
348.18145751953125
306.1824951171875
263.9638671875
221.92892456054688
179.8785400390625
133.70054626464844
87.86981201171875
44.87313461303711
1.6380233764648438
-43.28718948364258
-88.07020568847656
-135.34962463378906
-182.4190216064453
-220.7635498046875
-259.84210205078125
-293.4259948730469
-327.47216796875
-361.5183410644531
-382.89862060546875
-405.3445129394531
-418.8522033691406
-433.11187744140625
-447.3715515136719
-446.0991516113281
-446.1334533691406
-438.0854797363281
-430.71746826171875
-423.3494567871094
-415.9814453125
-391.9816589355469
-369.3811340332031
-346.7806091308594
-308.7022705078125
-271.92608642578125
-235.14990234375
-198.37371826171875
-161.5975341796875
-108.48310089111328
-56.743221282958984
-5.0033416748046875
46.73653793334961
98.4764175415039
150.21629333496094
222.37489318847656
292.8156433105469
363.25640869140625
433.6971435546875
504.13787841796875
574.57861328125
645.0193481445312
720.6121215820312
795.771484375
870.9308471679688
946.0902099609375
1021.2495727539062
1082.1600341796875
1144.269287109375
1206.37841796875
1268.487548828125
1320.0616455078125
1372.5220947265625
1424.9825439453125
1477.4429931640625
1529.9034423828125
1572.8648681640625
1616.6253662109375
1660.3858642578125
1698.207275390625
1736.5283203125
1774.849365234375
1813.17041015625
1844.7166748046875
1876.8328857421875
1908.9490966796875
1937.7996826171875
1966.925048828125
1996.0504150390625
2025.17578125
2046.9674072265625
2069.3759765625
2091.784423828125
2111.98095703125
2132.363525390625
2152.74609375
2169.990478515625
2187.4990234375
2205.007568359375
2216.38330078125
2228.27490234375
2240.16650390625
2251.03173828125
2261.983154296875
2272.9345703125
2279.605712890625
2286.636962890625
2288.98828125
2291.7333984375
2294.478515625
2297.519775390625
2300.5361328125
2303.552490234375
2301.985595703125
2300.80419921875
2298.561767578125
2296.40869140625
2294.255615234375
2287.91845703125
2281.933349609375
2275.493408203125
2269.091552734375
2262.689697265625
2249.72900390625
2237.320068359375
2225.16015625
2212.979248046875
2200.79833984375
2187.74267578125
2174.7607421875
2156.44580078125
2138.57958984375
2121.782958984375
2104.896484375
2088.010009765625
2068.69580078125
2049.5859375
2026.690185546875
2004.1129150390625
1984.21826171875
1964.097900390625
1943.9775390625
1920.1634521484375
1896.66015625
1873.88037109375
1851.0396728515625
1824.6666259765625
1798.5906982421875
1773.8572998046875
1749.0108642578125
1717.5474853515625
1686.640869140625
1655.7342529296875
1626.7269287109375
1597.559814453125
1568.2359619140625
1538.92529296875
1504.7764892578125
1471.03466796875
1439.4228515625
1407.6318359375
1373.8765869140625
1340.28662109375
1303.49365234375
1266.9700927734375
1233.97998046875
1200.692626953125
1164.2144775390625
1128.0047607421875
1091.7950439453125
1056.60546875
1021.330078125
983.1333618164062
945.1824340820312
908.7900390625
872.2664794921875
829.7083740234375
787.657958984375
747.9625854492188
708.069091796875
668.354248046875
628.6243896484375
584.50732421875
540.7593383789062
499.5959777832031
458.2151794433594
415.3663330078125
372.6409912109375
326.5249938964844
280.69427490234375
239.54000854492188
197.9923095703125
153.10140991210938
108.49176788330078
65.75434875488281
22.859416961669922
-23.240997314453125
-69.07173156738281
-112.25469970703125
-155.66043090820312
-203.84793090820312
-251.63314819335938
-288.8555908203125
-326.9667053222656
-354.6884460449219
-383.28424072265625
-403.18341064453125
-423.8142395019531
-444.445068359375
-451.50567626953125
-459.70794677734375
-455.562744140625
-452.4563293457031
-449.34991455078125
-434.9768981933594
-421.5517272949219
-408.1265563964844
-394.7013854980469
-362.3866271972656
-331.66107177734375
-300.9355163574219
-270.2099609375
-226.0552215576172
-183.03030395507812
-140.00537109375
-96.9804458618164
-53.95552062988281
9.230518341064453
70.72038269042969
132.2102508544922
193.7001190185547
255.1899871826172
316.6798400878906
378.1697082519531
453.87750244140625
528.3890991210938
602.9006958007812
677.4122924804688
751.9238891601562
819.187255859375
887.0604248046875
954.93359375
1022.8067626953125
1090.679931640625
1144.2965087890625
1199.112548828125
1253.9285888671875
1308.74462890625
1354.60693359375
1401.2225341796875
1447.838134765625
1494.4537353515625
1534.029296875
1574.1971435546875
1614.364990234375
1654.5328369140625
1686.1964111328125
1718.575439453125
1750.9544677734375
1780.510986328125
1810.304931640625
1840.098876953125
1869.892822265625
1894.55517578125
1919.6492919921875
1944.743408203125
1964.4014892578125
1984.516845703125
2004.6322021484375
2023.863525390625
2043.1693115234375
2062.47509765625
2076.667724609375
2091.29052734375
2105.913330078125
2118.564208984375
2131.380859375
2144.197509765625
2151.975341796875
2160.17724609375
2168.379150390625
2175.302734375
2182.333984375
2182.47314453125
2183.192138671875
2183.9111328125
2183.910888671875
2183.97119140625
2184.031494140625
2182.20751953125
2180.542236328125
2173.3623046875
2166.646240234375
2159.93017578125
2153.32861328125
2146.717529296875
2136.948974609375
2127.446044921875
2117.943115234375
2104.6416015625
2091.65966796875
2080.4169921875
2069.028076171875
2057.63916015625
2042.214599609375
2027.129638671875
2012.174072265625
1997.20751953125
1978.5345458984375
1960.17333984375
1941.8121337890625
1924.1258544921875
1906.3828125
1882.204833984375
1858.5682373046875
1836.517822265625
1814.333984375
1791.144287109375
1768.039306640625
1744.934326171875
1717.373779296875
1690.1881103515625
1664.6640625
1639.000244140625
1611.2158203125
1583.60986328125
1552.4000244140625
1521.493408203125
1494.037109375
1466.29052734375
1438.5439453125
1407.3470458984375
1376.4404296875
1346.6468505859375
1316.7596435546875
1283.32470703125
1250.188232421875
1218.8438720703125
1187.3487548828125
1149.5008544921875
1112.1873779296875
1076.9300537109375
1041.499755859375
1006.0693969726562
970.6390380859375
930.8704833984375
891.4669189453125
854.1719360351562
816.6995239257812
777.6503295898438
738.7338256835938
696.578857421875
654.6963500976562
616.9317016601562
578.8206176757812
537.3213500976562
496.10711669921875
