0.0
0.0
0.0
0.0
0.0
0.0
0.0
0.0
0.0
0.0
0.0
0.0
0.0
0.0
0.0
0.0
0.0
0.0
9.294371557189152e-05
9.294371557189152e-05
9.294371557189152e-05
9.294371557189152e-05
9.294371557189152e-05
9.294371557189152e-05
9.294371557189152e-05
9.294371557189152e-05
9.294371557189152e-05
9.294371557189152e-05
0.0
12.21984577178955
12.21984577178955
12.21984577178955
12.21984577178955
12.21984577178955
12.21984577178955
12.21984577178955
12.21984577178955
16.818052291870117
16.818052291870117
16.818052291870117
16.818052291870117
16.818052291870117
16.818052291870117
16.818052291870117
19.768674850463867
19.768674850463867
19.768674850463867
19.768674850463867
19.768674850463867
19.768674850463867
21.900400161743164
21.900400161743164
21.900400161743164
21.900400161743164
21.900400161743164
21.900400161743164
23.923423767089844
23.923423767089844
23.923423767089844
23.923423767089844
23.923423767089844
25.195369720458984
25.195369720458984
25.195369720458984
25.195369720458984
25.195369720458984
27.172882080078125
27.172882080078125
27.172882080078125
27.172882080078125
27.172882080078125
27.875728607177734
27.875728607177734
27.875728607177734
27.875728607177734
28.665000915527344
28.665000915527344
28.665000915527344
28.665000915527344
28.665000915527344
30.261831283569336
30.261831283569336
30.261831283569336
30.261831283569336
30.510557174682617
30.510557174682617
30.510557174682617
30.510557174682617
31.429031372070312
31.429031372070312
31.429031372070312
31.429031372070312
32.530731201171875
32.530731201171875
32.530731201171875
32.530731201171875
32.530731201171875
32.29488754272461
32.29488754272461
32.29488754272461
32.29488754272461
33.32574462890625
33.32574462890625
33.32574462890625
33.32574462890625
33.492794036865234
33.492794036865234
33.492794036865234
34.406856536865234
34.406856536865234
34.406856536865234
34.406856536865234
34.31849670410156
34.31849670410156
34.31849670410156
34.31849670410156
35.789031982421875
35.789031982421875
35.789031982421875
35.789031982421875
35.54155349731445
35.54155349731445
35.54155349731445
35.54155349731445
35.617332458496094
35.617332458496094
35.617332458496094
36.713253021240234
36.713253021240234
36.713253021240234
36.713253021240234
36.29446792602539
36.29446792602539
36.29446792602539
36.29446792602539
36.79411697387695
36.79411697387695
36.79411697387695
37.49613952636719
37.49613952636719
37.49613952636719
37.49613952636719
36.75364303588867
36.75364303588867
36.75364303588867
37.4751091003418
37.4751091003418
37.4751091003418
37.4751091003418
37.224578857421875
37.224578857421875
37.224578857421875
37.92174530029297
37.92174530029297
37.92174530029297
37.92174530029297
37.517189025878906
37.517189025878906
37.517189025878906
38.89297103881836
38.89297103881836
38.89297103881836
38.89297103881836
38.3791618347168
38.3791618347168
38.3791618347168
38.269256591796875
38.269256591796875
38.269256591796875
38.269256591796875
39.23553466796875
39.23553466796875
39.23553466796875
38.66788864135742
38.66788864135742
38.66788864135742
38.66788864135742
39.006492614746094
39.006492614746094
39.006492614746094
39.678218841552734
39.678218841552734
39.678218841552734
38.645530700683594
38.645530700683594
38.645530700683594
38.645530700683594
39.51396560668945
39.51396560668945
39.51396560668945
39.006492614746094
39.006492614746094
39.006492614746094
39.006492614746094
39.678218841552734
39.678218841552734
39.678218841552734
39.09778594970703
39.09778594970703
39.09778594970703
40.49583053588867
40.49583053588867
40.49583053588867
40.49583053588867
39.843841552734375
39.843841552734375
39.843841552734375
39.678218841552734
39.678218841552734
39.678218841552734
40.59423828125
40.59423828125
40.59423828125
40.59423828125
39.93910217285156
39.93910217285156
39.93910217285156
40.25188064575195
40.25188064575195
40.25188064575195
40.84237289428711
40.84237289428711
40.84237289428711
40.84237289428711
39.843841552734375
39.843841552734375
39.843841552734375
40.49583053588867
40.49583053588867
40.49583053588867
40.01084518432617
40.01084518432617
40.01084518432617
40.01084518432617
40.64362716674805
40.64362716674805
40.64362716674805
40.05882263183594
40.05882263183594
40.05882263183594
41.37344741821289
41.37344741821289
41.37344741821289
40.717926025390625
40.717926025390625
40.717926025390625
40.717926025390625
40.49583053588867
40.49583053588867
40.49583053588867
41.37344741821289
41.37344741821289
41.37344741821289
40.66836166381836
40.66836166381836
40.66836166381836
40.66836166381836
40.91740036010742
40.91740036010742
40.91740036010742
41.50193786621094
41.50193786621094
41.50193786621094
40.44680404663086
40.44680404663086
40.44680404663086
41.043067932128906
41.043067932128906
41.043067932128906
41.043067932128906
40.56959533691406
40.56959533691406
40.56959533691406
41.144161224365234
41.144161224365234
41.144161224365234
40.47130584716797
40.47130584716797
40.47130584716797
41.83977508544922
41.83977508544922
41.83977508544922
41.83977508544922
41.09355545043945
41.09355545043945
41.09355545043945
40.892364501953125
40.892364501953125
40.892364501953125
41.70918655395508
41.70918655395508
41.70918655395508
41.01787567138672
41.01787567138672
41.01787567138672
41.01787567138672
41.245750427246094
41.245750427246094
41.245750427246094
41.78744125366211
41.78744125366211
41.78744125366211
40.717926025390625
40.717926025390625
40.717926025390625
41.34784698486328
41.34784698486328
41.34784698486328
41.34784698486328
40.81742477416992
40.81742477416992
40.81742477416992
41.42475128173828
41.42475128173828
41.42475128173828
40.74275588989258
40.74275588989258
40.74275588989258
42.05042266845703
42.05042266845703
42.05042266845703
41.34784698486328
41.34784698486328
41.34784698486328
41.34784698486328
41.09355545043945
41.09355545043945
41.09355545043945
41.9448356628418
41.9448356628418
41.9448356628418
41.220306396484375
41.220306396484375
41.220306396484375
41.42475128173828
41.42475128173828
41.42475128173828
41.42475128173828
42.02397918701172
42.02397918701172
42.02397918701172
40.892364501953125
40.892364501953125
40.892364501953125
41.52772903442383
41.52772903442383
41.52772903442383
40.96757507324219
40.96757507324219
40.96757507324219
40.96757507324219
41.52772903442383
41.52772903442383
41.52772903442383
40.84237289428711
40.84237289428711
40.84237289428711
42.209800720214844
42.209800720214844
42.209800720214844
41.50193786621094
41.50193786621094
41.50193786621094
41.19489669799805
41.19489669799805
41.19489669799805
41.19489669799805
42.076900482177734
42.076900482177734
42.076900482177734
41.32227325439453
41.32227325439453
41.32227325439453
41.553558349609375
41.553558349609375
41.553558349609375
42.076900482177734
42.076900482177734
42.076900482177734
41.01787567138672
41.01787567138672
41.01787567138672
41.01787567138672
41.553558349609375
41.553558349609375
41.553558349609375
41.09355545043945
41.09355545043945
41.09355545043945
41.65718078613281
41.65718078613281
41.65718078613281
40.94247817993164
40.94247817993164
40.94247817993164
40.94247817993164
42.289947509765625
42.289947509765625
42.289947509765625
41.52772903442383
41.52772903442383
41.52772903442383
41.32227325439453
41.32227325439453
41.32227325439453
42.103416442871094
42.103416442871094
42.103416442871094
41.37344741821289
41.37344741821289
41.37344741821289
41.37344741821289
41.57941436767578
41.57941436767578
41.57941436767578
42.15654373168945
42.15654373168945
42.15654373168945
40.99271011352539
40.99271011352539
40.99271011352539
41.65718078613281
41.65718078613281
41.65718078613281
41.65718078613281
41.09355545043945
41.09355545043945
41.09355545043945
41.683170318603516
41.683170318603516
41.683170318603516
40.99271011352539
40.99271011352539
40.99271011352539
42.31672668457031
42.31672668457031
42.31672668457031
41.60530090332031
41.60530090332031
41.60530090332031
41.60530090332031
41.32227325439453
41.32227325439453
41.32227325439453
42.18315505981445
42.18315505981445
42.18315505981445
41.45044708251953
41.45044708251953
41.45044708251953
41.65718078613281
41.65718078613281
41.65718078613281
42.18315505981445
42.18315505981445
42.18315505981445
42.18315505981445
41.16951370239258
41.16951370239258
41.16951370239258
41.70918655395508
41.70918655395508
41.70918655395508
41.19489669799805
41.19489669799805
41.19489669799805
41.7352409362793
41.7352409362793
41.7352409362793
41.7352409362793
41.06829833984375
41.06829833984375
41.06829833984375
42.39728546142578
42.39728546142578
42.39728546142578
41.65718078613281
41.65718078613281
41.65718078613281
41.399078369140625
41.399078369140625
41.399078369140625
42.23648452758789
42.23648452758789
42.23648452758789
42.23648452758789
41.50193786621094
41.50193786621094
41.50193786621094
41.7352409362793
41.7352409362793
41.7352409362793
42.26319885253906
42.26319885253906
42.26319885253906
41.16951370239258
41.16951370239258
41.16951370239258
41.7352409362793
41.7352409362793
41.7352409362793
41.7352409362793
41.245750427246094
41.245750427246094
41.245750427246094
41.83977508544922
41.83977508544922
41.83977508544922
41.09355545043945
41.09355545043945
41.09355545043945
42.478145599365234
42.478145599365234
42.478145599365234
41.683170318603516
41.683170318603516
41.683170318603516
41.683170318603516
41.45044708251953
41.45044708251953
41.45044708251953
42.289947509765625
42.289947509765625
42.289947509765625
41.553558349609375
41.553558349609375
41.553558349609375
41.7352409362793
41.7352409362793
41.7352409362793
42.289947509765625
42.289947509765625
42.289947509765625
42.289947509765625
41.19489669799805
41.19489669799805
41.19489669799805
41.76132583618164
41.76132583618164
41.76132583618164
41.2712287902832
41.2712287902832
41.2712287902832
41.83977508544922
41.83977508544922
41.83977508544922
41.09355545043945
41.09355545043945
41.09355545043945
41.09355545043945
42.505165100097656
42.505165100097656
42.505165100097656
41.65718078613281
41.65718078613281
41.65718078613281
41.42475128173828
41.42475128173828
41.42475128173828
42.289947509765625
42.289947509765625
42.289947509765625
41.50193786621094
41.50193786621094
41.50193786621094
41.50193786621094
41.70918655395508
41.70918655395508
41.70918655395508
42.26319885253906
42.26319885253906
42.26319885253906
41.144161224365234
41.144161224365234
41.144161224365234
41.7352409362793
41.7352409362793
41.7352409362793
41.09355545043945
41.09355545043945
41.09355545043945
41.09355545043945
41.918521881103516
41.918521881103516
41.918521881103516
41.06829833984375
41.06829833984375
41.06829833984375
42.42420196533203
42.42420196533203
42.42420196533203
41.65718078613281
41.65718078613281
41.65718078613281
41.65718078613281
41.42475128173828
41.42475128173828
41.42475128173828
42.26319885253906
42.26319885253906
42.26319885253906
41.52772903442383
41.52772903442383
41.52772903442383
41.70918655395508
41.70918655395508
41.70918655395508
42.289947509765625
42.289947509765625
42.289947509765625
41.144161224365234
41.144161224365234
41.144161224365234
41.144161224365234
41.76132583618164
41.76132583618164
41.76132583618164
41.245750427246094
41.245750427246094
41.245750427246094
41.78744125366211
41.78744125366211
41.78744125366211
41.11884307861328
41.11884307861328
41.11884307861328
41.11884307861328
42.45115661621094
42.45115661621094
42.45115661621094
41.70918655395508
41.70918655395508
41.70918655395508
41.42475128173828
41.42475128173828
41.42475128173828
42.26319885253906
42.26319885253906
42.26319885253906
41.52772903442383
41.52772903442383
41.52772903442383
41.52772903442383
41.70918655395508
41.70918655395508
41.70918655395508
42.26319885253906
42.26319885253906
42.26319885253906
41.144161224365234
41.144161224365234
41.144161224365234
41.76132583618164
41.76132583618164
41.76132583618164
41.245750427246094
41.245750427246094
41.245750427246094
41.245750427246094
41.76132583618164
41.76132583618164
41.76132583618164
41.09355545043945
41.09355545043945
41.09355545043945
42.45115661621094
42.45115661621094
42.45115661621094
41.631229400634766
41.631229400634766
41.631229400634766
41.42475128173828
41.42475128173828
41.42475128173828
41.42475128173828
42.26319885253906
42.26319885253906
42.26319885253906
41.52772903442383
41.52772903442383
41.52772903442383
41.683170318603516
41.683170318603516
41.683170318603516
42.289947509765625
42.289947509765625
42.289947509765625
41.16951370239258
41.16951370239258
41.16951370239258
41.16951370239258
41.76132583618164
41.76132583618164
41.76132583618164
41.245750427246094
41.245750427246094
41.245750427246094
41.78744125366211
41.78744125366211
41.78744125366211
41.11884307861328
41.11884307861328
41.11884307861328
42.45115661621094
42.45115661621094
42.45115661621094
42.45115661621094
41.70918655395508
41.70918655395508
41.70918655395508
41.42475128173828
41.42475128173828
41.42475128173828
42.31672668457031
42.31672668457031
42.31672668457031
41.553558349609375
41.553558349609375
41.553558349609375
41.76132583618164
41.76132583618164
41.76132583618164
41.76132583618164
42.26319885253906
42.26319885253906
42.26319885253906
41.19489669799805
41.19489669799805
41.19489669799805
41.78744125366211
41.78744125366211
41.78744125366211
41.2712287902832
41.2712287902832
41.2712287902832
41.2712287902832
41.78744125366211
41.78744125366211
41.78744125366211
41.11884307861328
41.11884307861328
41.11884307861328
42.505165100097656
42.505165100097656
42.505165100097656
41.683170318603516
41.683170318603516
41.683170318603516
41.42475128173828
41.42475128173828
41.42475128173828
42.289947509765625
42.289947509765625
42.289947509765625
42.289947509765625
41.57941436767578
41.57941436767578
41.57941436767578
41.76132583618164
41.76132583618164
41.76132583618164
42.31672668457031
42.31672668457031
42.31672668457031
41.19489669799805
41.19489669799805
41.19489669799805
41.19489669799805
41.81359100341797
41.81359100341797
41.81359100341797
41.2712287902832
41.2712287902832
41.2712287902832
41.83977508544922
41.83977508544922
41.83977508544922
41.144161224365234
41.144161224365234
41.144161224365234
42.478145599365234
42.478145599365234
42.478145599365234
42.478145599365234
41.76132583618164
41.76132583618164
41.76132583618164
41.45044708251953
41.45044708251953
41.45044708251953
42.289947509765625
42.289947509765625
42.289947509765625
41.553558349609375
41.553558349609375
41.553558349609375
41.76132583618164
41.76132583618164
41.76132583618164
42.289947509765625
42.289947509765625
42.289947509765625
42.289947509765625
41.220306396484375
41.220306396484375
41.220306396484375
41.78744125366211
41.78744125366211
41.78744125366211
41.2712287902832
41.2712287902832
41.2712287902832
41.83977508544922
41.83977508544922
41.83977508544922
41.83977508544922
41.144161224365234
41.144161224365234
41.144161224365234
42.45115661621094
42.45115661621094
42.45115661621094
41.76132583618164
41.76132583618164
41.76132583618164
41.42475128173828
41.42475128173828
41.42475128173828
42.370399475097656
42.370399475097656
42.370399475097656
42.370399475097656
41.553558349609375
41.553558349609375
41.553558349609375
41.76132583618164
41.76132583618164
41.76132583618164
42.31672668457031
42.31672668457031
42.31672668457031
41.19489669799805
41.19489669799805
41.19489669799805
41.78744125366211
41.78744125366211
41.78744125366211
41.78744125366211
41.2712287902832
41.2712287902832
41.2712287902832
41.81359100341797
41.81359100341797
41.81359100341797
41.11884307861328
41.11884307861328
41.11884307861328
42.45115661621094
42.45115661621094
42.45115661621094
41.683170318603516
41.683170318603516
41.683170318603516
41.683170318603516
41.47617721557617
41.47617721557617
41.47617721557617
42.26319885253906
42.26319885253906
42.26319885253906
41.553558349609375
41.553558349609375
41.553558349609375
41.70918655395508
41.70918655395508
41.70918655395508
42.31672668457031
42.31672668457031
42.31672668457031
42.31672668457031
41.19489669799805
41.19489669799805
41.19489669799805
41.76132583618164
41.76132583618164
41.76132583618164
41.245750427246094
41.245750427246094
41.245750427246094
41.81359100341797
41.81359100341797
41.81359100341797
41.144161224365234
41.144161224365234
41.144161224365234
41.144161224365234
42.478145599365234
42.478145599365234
42.478145599365234
41.7352409362793
41.7352409362793
41.7352409362793
41.47617721557617
41.47617721557617
41.47617721557617
42.31672668457031
42.31672668457031
42.31672668457031
41.57941436767578
41.57941436767578
41.57941436767578
41.57941436767578
41.78744125366211
41.78744125366211
41.78744125366211
42.34354782104492
42.34354782104492
42.34354782104492
41.220306396484375
41.220306396484375
41.220306396484375
41.83977508544922
41.83977508544922
41.83977508544922
41.29673767089844
41.29673767089844
41.29673767089844
41.29673767089844
41.918521881103516
41.918521881103516
41.918521881103516
41.16951370239258
41.16951370239258
41.16951370239258
42.505165100097656
42.505165100097656
42.505165100097656
41.76132583618164
41.76132583618164
41.76132583618164
41.50193786621094
41.50193786621094
41.50193786621094
41.50193786621094
42.370399475097656
42.370399475097656
42.370399475097656
41.631229400634766
41.631229400634766
41.631229400634766
41.81359100341797
41.81359100341797
41.81359100341797
42.370399475097656
42.370399475097656
42.370399475097656
41.29673767089844
41.29673767089844
41.29673767089844
41.29673767089844
41.865989685058594
41.865989685058594
41.865989685058594
41.34784698486328
41.34784698486328
41.34784698486328
41.89223861694336
41.89223861694336
41.89223861694336
41.220306396484375
41.220306396484375
41.220306396484375
42.532222747802734
42.532222747802734
42.532222747802734
42.532222747802734
41.81359100341797
41.81359100341797
41.81359100341797
41.50193786621094
41.50193786621094
41.50193786621094
42.39728546142578
42.39728546142578
42.39728546142578
41.60530090332031
41.60530090332031
41.60530090332031
41.865989685058594
41.865989685058594
41.865989685058594
41.865989685058594
42.39728546142578
42.39728546142578
42.39728546142578
41.245750427246094
41.245750427246094
41.245750427246094
41.865989685058594
41.865989685058594
41.865989685058594
41.32227325439453
41.32227325439453
41.32227325439453
41.918521881103516
41.918521881103516
41.918521881103516
41.918521881103516
41.220306396484375
41.220306396484375
41.220306396484375
42.532222747802734
42.532222747802734
42.532222747802734
41.78744125366211
41.78744125366211
41.78744125366211
41.52772903442383
41.52772903442383
41.52772903442383
42.39728546142578
42.39728546142578
42.39728546142578
42.39728546142578
41.631229400634766
41.631229400634766
41.631229400634766
41.81359100341797
41.81359100341797
41.81359100341797
42.39728546142578
42.39728546142578
42.39728546142578
41.29673767089844
41.29673767089844
41.29673767089844
41.83977508544922
41.83977508544922
41.83977508544922
41.83977508544922
41.37344741821289
41.37344741821289
41.37344741821289
41.89223861694336
41.89223861694336
41.89223861694336
41.220306396484375
41.220306396484375
41.220306396484375
42.5593147277832
42.5593147277832
42.5593147277832
41.81359100341797
41.81359100341797
41.81359100341797
41.81359100341797
41.553558349609375
41.553558349609375
41.553558349609375
42.39728546142578
42.39728546142578
42.39728546142578
41.631229400634766
41.631229400634766
41.631229400634766
41.865989685058594
41.865989685058594
41.865989685058594
42.370399475097656
42.370399475097656
42.370399475097656
41.19489669799805
41.19489669799805
41.19489669799805
41.19489669799805
41.9711799621582
41.9711799621582
41.9711799621582
41.34784698486328
41.34784698486328
41.34784698486328
41.918521881103516
41.918521881103516
41.918521881103516
41.220306396484375
41.220306396484375
41.220306396484375
42.5593147277832
42.5593147277832
42.5593147277832
42.5593147277832
41.81359100341797
41.81359100341797
41.81359100341797
41.52772903442383
41.52772903442383
41.52772903442383
42.39728546142578
42.39728546142578
42.39728546142578
41.683170318603516
41.683170318603516
41.683170318603516
41.81359100341797
41.81359100341797
41.81359100341797
41.81359100341797
42.39728546142578
42.39728546142578
42.39728546142578
41.29673767089844
41.29673767089844
41.29673767089844
41.89223861694336
41.89223861694336
41.89223861694336
41.34784698486328
41.34784698486328
41.34784698486328
41.918521881103516
41.918521881103516
41.918521881103516
41.918521881103516
41.220306396484375
41.220306396484375
41.220306396484375
42.5864372253418
42.5864372253418
42.5864372253418
41.78744125366211
41.78744125366211
41.78744125366211
41.52772903442383
41.52772903442383
41.52772903442383
42.39728546142578
42.39728546142578
42.39728546142578
42.39728546142578
41.631229400634766
41.631229400634766
41.631229400634766
41.83977508544922
41.83977508544922
41.83977508544922
42.39728546142578
42.39728546142578
42.39728546142578
41.29673767089844
41.29673767089844
41.29673767089844
41.89223861694336
41.89223861694336
41.89223861694336
41.89223861694336
41.32227325439453
41.32227325439453
41.32227325439453
41.918521881103516
41.918521881103516
41.918521881103516
41.245750427246094
41.245750427246094
41.245750427246094
42.5593147277832
42.5593147277832
42.5593147277832
41.81359100341797
41.81359100341797
41.81359100341797
41.81359100341797
41.553558349609375
41.553558349609375
41.553558349609375
42.39728546142578
42.39728546142578
42.39728546142578
41.65718078613281
41.65718078613281
41.65718078613281
41.89223861694336
41.89223861694336
41.89223861694336
42.45115661621094
42.45115661621094
42.45115661621094
42.45115661621094
41.32227325439453
41.32227325439453
41.32227325439453
41.918521881103516
41.918521881103516
41.918521881103516
41.37344741821289
41.37344741821289
41.37344741821289
41.9711799621582
41.9711799621582
41.9711799621582
41.2712287902832
41.2712287902832
41.2712287902832
42.61359786987305
42.61359786987305
42.61359786987305
42.61359786987305
41.81359100341797
41.81359100341797
41.81359100341797
41.57941436767578
41.57941436767578
41.57941436767578
42.45115661621094
42.45115661621094
42.45115661621094
41.65718078613281
41.65718078613281
41.65718078613281
41.865989685058594
41.865989685058594
41.865989685058594
41.865989685058594
42.478145599365234
42.478145599365234
42.478145599365234
41.29673767089844
41.29673767089844
41.29673767089844
41.918521881103516
41.918521881103516
41.918521881103516
41.42475128173828
41.42475128173828
41.42475128173828
41.918521881103516
41.918521881103516
41.918521881103516
41.918521881103516
41.2712287902832
41.2712287902832
41.2712287902832
42.64079284667969
42.64079284667969
42.64079284667969
41.81359100341797
41.81359100341797
41.81359100341797
41.57941436767578
41.57941436767578
41.57941436767578
42.42420196533203
42.42420196533203
42.42420196533203
42.42420196533203
41.683170318603516
41.683170318603516
41.683170318603516
41.83977508544922
41.83977508544922
41.83977508544922
42.42420196533203
42.42420196533203
42.42420196533203
41.29673767089844
41.29673767089844
41.29673767089844
41.89223861694336
41.89223861694336
41.89223861694336
41.89223861694336
41.37344741821289
41.37344741821289
41.37344741821289
41.89223861694336
41.89223861694336
41.89223861694336
41.245750427246094
41.245750427246094
41.245750427246094
42.5864372253418
42.5864372253418
42.5864372253418
41.81359100341797
41.81359100341797
41.81359100341797
41.81359100341797
41.52772903442383
41.52772903442383
41.52772903442383
42.39728546142578
42.39728546142578
42.39728546142578
41.631229400634766
41.631229400634766
41.631229400634766
41.865989685058594
41.865989685058594
41.865989685058594
42.370399475097656
42.370399475097656
42.370399475097656
41.29673767089844
41.29673767089844
41.29673767089844
41.29673767089844
41.865989685058594
41.865989685058594
41.865989685058594
41.37344741821289
41.37344741821289
41.37344741821289
41.9448356628418
41.9448356628418
41.9448356628418
41.19489669799805
41.19489669799805
41.19489669799805
42.5593147277832
42.5593147277832
42.5593147277832
42.5593147277832
41.81359100341797
41.81359100341797
41.81359100341797
41.52772903442383
41.52772903442383
41.52772903442383
42.39728546142578
42.39728546142578
42.39728546142578
41.631229400634766
41.631229400634766
41.631229400634766
41.83977508544922
41.83977508544922
41.83977508544922
41.83977508544922
42.42420196533203
42.42420196533203
42.42420196533203
41.29673767089844
41.29673767089844
41.29673767089844
41.83977508544922
41.83977508544922
41.83977508544922
41.34784698486328
41.34784698486328
41.34784698486328
41.918521881103516
41.918521881103516
41.918521881103516
41.918521881103516
41.19489669799805
41.19489669799805
41.19489669799805
42.61359786987305
42.61359786987305
42.61359786987305
41.81359100341797
41.81359100341797
41.81359100341797
41.52772903442383
41.52772903442383
41.52772903442383
42.39728546142578
42.39728546142578
42.39728546142578
42.39728546142578
41.65718078613281
41.65718078613281
41.65718078613281
41.865989685058594
41.865989685058594
41.865989685058594
42.370399475097656
42.370399475097656
42.370399475097656
41.32227325439453
41.32227325439453
41.32227325439453
41.918521881103516
41.918521881103516
41.918521881103516
41.918521881103516
41.34784698486328
41.34784698486328
41.34784698486328
41.89223861694336
41.89223861694336
41.89223861694336
41.220306396484375
41.220306396484375
41.220306396484375
42.61359786987305
42.61359786987305
42.61359786987305
41.81359100341797
41.81359100341797
41.81359100341797
41.81359100341797
41.57941436767578
41.57941436767578
41.57941436767578
42.42420196533203
42.42420196533203
42.42420196533203
41.65718078613281
41.65718078613281
41.65718078613281
41.865989685058594
41.865989685058594
41.865989685058594
42.42420196533203
42.42420196533203
42.42420196533203
42.42420196533203
41.32227325439453
41.32227325439453
41.32227325439453
41.918521881103516
41.918521881103516
41.918521881103516
41.37344741821289
41.37344741821289
41.37344741821289
41.9448356628418
41.9448356628418
41.9448356628418
41.220306396484375
41.220306396484375
41.220306396484375
41.220306396484375
42.5864372253418
42.5864372253418
42.5864372253418
41.81359100341797
41.81359100341797
41.81359100341797
41.57941436767578
41.57941436767578
41.57941436767578
42.39728546142578
42.39728546142578
42.39728546142578
41.65718078613281
41.65718078613281
41.65718078613281
41.89223861694336
41.89223861694336
41.89223861694336
41.89223861694336
42.39728546142578
42.39728546142578
42.39728546142578
41.29673767089844
41.29673767089844
41.29673767089844
41.89223861694336
41.89223861694336
41.89223861694336
41.32227325439453
41.32227325439453
41.32227325439453
41.9448356628418
41.9448356628418
41.9448356628418
41.9448356628418
41.220306396484375
41.220306396484375
41.220306396484375
42.5593147277832
42.5593147277832
42.5593147277832
41.83977508544922
41.83977508544922
41.83977508544922
41.553558349609375
41.553558349609375
41.553558349609375
42.42420196533203
42.42420196533203
42.42420196533203
42.42420196533203
41.65718078613281
41.65718078613281
41.65718078613281
41.865989685058594
41.865989685058594
41.865989685058594
42.42420196533203
42.42420196533203
42.42420196533203
41.32227325439453
41.32227325439453
41.32227325439453
41.918521881103516
41.918521881103516
41.918521881103516
41.918521881103516
41.42475128173828
41.42475128173828
41.42475128173828
41.918521881103516
41.918521881103516
41.918521881103516
41.245750427246094
41.245750427246094
41.245750427246094
42.64079284667969
42.64079284667969
42.64079284667969
41.83977508544922
41.83977508544922
41.83977508544922
41.83977508544922
41.57941436767578
41.57941436767578
41.57941436767578
42.45115661621094
42.45115661621094
42.45115661621094
41.65718078613281
41.65718078613281
41.65718078613281
41.89223861694336
41.89223861694336
41.89223861694336
42.45115661621094
42.45115661621094
42.45115661621094
41.32227325439453
41.32227325439453
41.32227325439453
41.32227325439453
41.918521881103516
41.918521881103516
41.918521881103516
41.37344741821289
41.37344741821289
41.37344741821289
41.997562408447266
41.997562408447266
41.997562408447266
41.19489669799805
41.19489669799805
41.19489669799805
42.5864372253418
42.5864372253418
42.5864372253418
42.5864372253418
41.83977508544922
41.83977508544922
41.83977508544922
41.57941436767578
41.57941436767578
41.57941436767578
42.42420196533203
42.42420196533203
42.42420196533203
41.631229400634766
41.631229400634766
41.631229400634766
41.89223861694336
41.89223861694336
41.89223861694336
41.89223861694336
42.39728546142578
42.39728546142578
42.39728546142578
41.29673767089844
41.29673767089844
41.29673767089844
41.89223861694336
41.89223861694336
41.89223861694336
41.37344741821289
41.37344741821289
41.37344741821289
41.918521881103516
41.918521881103516
41.918521881103516
41.918521881103516
41.245750427246094
41.245750427246094
41.245750427246094
42.5864372253418
42.5864372253418
42.5864372253418
41.83977508544922
41.83977508544922
41.83977508544922
41.57941436767578
41.57941436767578
41.57941436767578
42.42420196533203
42.42420196533203
42.42420196533203
42.42420196533203
41.65718078613281
41.65718078613281
41.65718078613281
41.918521881103516
41.918521881103516
41.918521881103516
42.42420196533203
42.42420196533203
42.42420196533203
41.32227325439453
41.32227325439453
41.32227325439453
41.918521881103516
41.918521881103516
41.918521881103516
41.918521881103516
41.34784698486328
41.34784698486328
41.34784698486328
41.997562408447266
41.997562408447266
41.997562408447266
41.245750427246094
41.245750427246094
41.245750427246094
42.61359786987305
42.61359786987305
42.61359786987305
41.865989685058594
41.865989685058594
41.865989685058594
41.865989685058594
41.60530090332031
41.60530090332031
41.60530090332031
42.42420196533203
42.42420196533203
42.42420196533203
41.70918655395508
41.70918655395508
41.70918655395508
41.89223861694336
41.89223861694336
41.89223861694336
42.45115661621094
42.45115661621094
42.45115661621094
41.37344741821289
41.37344741821289
41.37344741821289
41.37344741821289
41.9711799621582
41.9711799621582
41.9711799621582
41.37344741821289
41.37344741821289
41.37344741821289
41.9711799621582
41.9711799621582
41.9711799621582
41.29673767089844
41.29673767089844
41.29673767089844
42.64079284667969
42.64079284667969
42.64079284667969
42.64079284667969
41.865989685058594
41.865989685058594
41.865989685058594
41.631229400634766
41.631229400634766
41.631229400634766
42.45115661621094
42.45115661621094
42.45115661621094
41.683170318603516
41.683170318603516
41.683170318603516
41.918521881103516
41.918521881103516
41.918521881103516
41.918521881103516
42.478145599365234
42.478145599365234
42.478145599365234
41.34784698486328
41.34784698486328
41.34784698486328
41.9448356628418
41.9448356628418
41.9448356628418
41.399078369140625
41.399078369140625
41.399078369140625
42.02397918701172
42.02397918701172
42.02397918701172
42.02397918701172
41.245750427246094
41.245750427246094
41.245750427246094
42.66801834106445
42.66801834106445
42.66801834106445
41.865989685058594
41.865989685058594
41.865989685058594
41.57941436767578
41.57941436767578
41.57941436767578
42.478145599365234
42.478145599365234
42.478145599365234
41.70918655395508
41.70918655395508
41.70918655395508
41.70918655395508
41.89223861694336
41.89223861694336
41.89223861694336
42.505165100097656
42.505165100097656
42.505165100097656
41.34784698486328
41.34784698486328
41.34784698486328
41.9448356628418
41.9448356628418
41.9448356628418
41.399078369140625
41.399078369140625
41.399078369140625
41.399078369140625
41.9711799621582
41.9711799621582
41.9711799621582
41.29673767089844
41.29673767089844
41.29673767089844
42.61359786987305
42.61359786987305
42.61359786987305
41.89223861694336
41.89223861694336
41.89223861694336
41.60530090332031
41.60530090332031
41.60530090332031
41.60530090332031
42.45115661621094
42.45115661621094
42.45115661621094
41.70918655395508
41.70918655395508
41.70918655395508
41.89223861694336
41.89223861694336
41.89223861694336
42.478145599365234
42.478145599365234
42.478145599365234
41.32227325439453
41.32227325439453
41.32227325439453
41.32227325439453
41.9448356628418
41.9448356628418
41.9448356628418
41.42475128173828
41.42475128173828
41.42475128173828
41.9448356628418
41.9448356628418
41.9448356628418
41.2712287902832
41.2712287902832
41.2712287902832
42.61359786987305
42.61359786987305
42.61359786987305
41.865989685058594
41.865989685058594
41.865989685058594
41.865989685058594
41.65718078613281
41.65718078613281
41.65718078613281
42.39728546142578
42.39728546142578
42.39728546142578
41.70918655395508
41.70918655395508
41.70918655395508
41.89223861694336
41.89223861694336
41.89223861694336
42.45115661621094
42.45115661621094
42.45115661621094
42.45115661621094
41.34784698486328
41.34784698486328
41.34784698486328
41.918521881103516
41.918521881103516
41.918521881103516
41.42475128173828
41.42475128173828
41.42475128173828
41.9711799621582
41.9711799621582
41.9711799621582
41.2712287902832
41.2712287902832
41.2712287902832
41.2712287902832
42.64079284667969
42.64079284667969
42.64079284667969
41.865989685058594
41.865989685058594
41.865989685058594
41.60530090332031
41.60530090332031
41.60530090332031
42.42420196533203
42.42420196533203
42.42420196533203
41.683170318603516
41.683170318603516
41.683170318603516
41.683170318603516
41.918521881103516
41.918521881103516
41.918521881103516
42.45115661621094
42.45115661621094
42.45115661621094
41.34784698486328
41.34784698486328
41.34784698486328
41.918521881103516
41.918521881103516
41.918521881103516
41.37344741821289
41.37344741821289
41.37344741821289
41.37344741821289
41.9711799621582
41.9711799621582
41.9711799621582
41.2712287902832
41.2712287902832
41.2712287902832
42.61359786987305
42.61359786987305
42.61359786987305
41.83977508544922
41.83977508544922
41.83977508544922
41.60530090332031
41.60530090332031
41.60530090332031
42.45115661621094
42.45115661621094
42.45115661621094
42.45115661621094
41.65718078613281
41.65718078613281
41.65718078613281
41.918521881103516
41.918521881103516
41.918521881103516
42.42420196533203
42.42420196533203
42.42420196533203
41.34784698486328
41.34784698486328
41.34784698486328
41.918521881103516
41.918521881103516
41.918521881103516
41.918521881103516
41.399078369140625
41.399078369140625
41.399078369140625
41.9711799621582
41.9711799621582
41.9711799621582
41.2712287902832
41.2712287902832
41.2712287902832
42.64079284667969
42.64079284667969
42.64079284667969
41.865989685058594
41.865989685058594
41.865989685058594
41.865989685058594
41.631229400634766
41.631229400634766
41.631229400634766
42.45115661621094
42.45115661621094
42.45115661621094
41.70918655395508
41.70918655395508
41.70918655395508
41.997562408447266
41.997562408447266
41.997562408447266
42.42420196533203
42.42420196533203
42.42420196533203
42.42420196533203
41.399078369140625
41.399078369140625
41.399078369140625
41.9448356628418
41.9448356628418
41.9448356628418
41.399078369140625
41.399078369140625
41.399078369140625
42.02397918701172
42.02397918701172
42.02397918701172
41.245750427246094
41.245750427246094
41.245750427246094
42.69528579711914
42.69528579711914
42.69528579711914
42.69528579711914
41.865989685058594
41.865989685058594
41.865989685058594
41.631229400634766
41.631229400634766
41.631229400634766
42.505165100097656
42.505165100097656
42.505165100097656
41.70918655395508
41.70918655395508
41.70918655395508
41.9448356628418
41.9448356628418
41.9448356628418
41.9448356628418
42.532222747802734
42.532222747802734
42.532222747802734
41.37344741821289
41.37344741821289
41.37344741821289
41.997562408447266
41.997562408447266
41.997562408447266
41.42475128173828
41.42475128173828
41.42475128173828
42.02397918701172
42.02397918701172
42.02397918701172
42.02397918701172
41.29673767089844
41.29673767089844
41.29673767089844
42.69528579711914
42.69528579711914
42.69528579711914
41.89223861694336
41.89223861694336
41.89223861694336
41.631229400634766
41.631229400634766
41.631229400634766
42.478145599365234
42.478145599365234
42.478145599365234
41.7352409362793
41.7352409362793
41.7352409362793
41.7352409362793
41.9711799621582
41.9711799621582
41.9711799621582
42.478145599365234
42.478145599365234
42.478145599365234
41.399078369140625
41.399078369140625
41.399078369140625
41.9711799621582
41.9711799621582
41.9711799621582
41.42475128173828
41.42475128173828
41.42475128173828
41.42475128173828
42.02397918701172
42.02397918701172
42.02397918701172
41.29673767089844
41.29673767089844
41.29673767089844
42.66801834106445
42.66801834106445
42.66801834106445
41.918521881103516
41.918521881103516
41.918521881103516
41.65718078613281
41.65718078613281
41.65718078613281
41.65718078613281
42.505165100097656
42.505165100097656
42.505165100097656
41.70918655395508
41.70918655395508
41.70918655395508
41.9711799621582
41.9711799621582
41.9711799621582
42.478145599365234
42.478145599365234
42.478145599365234
41.34784698486328
41.34784698486328
41.34784698486328
41.997562408447266
41.997562408447266
41.997562408447266
41.997562408447266
41.42475128173828
41.42475128173828
41.42475128173828
41.997562408447266
41.997562408447266
41.997562408447266
41.32227325439453
41.32227325439453
41.32227325439453
42.5864372253418
42.5864372253418
42.5864372253418
41.918521881103516
41.918521881103516
41.918521881103516
41.918521881103516
41.60530090332031
41.60530090332031
41.60530090332031
42.45115661621094
42.45115661621094
42.45115661621094
41.7352409362793
41.7352409362793
41.7352409362793
41.918521881103516
41.918521881103516
41.918521881103516
42.45115661621094
42.45115661621094
42.45115661621094
42.45115661621094
41.37344741821289
41.37344741821289
41.37344741821289
41.9448356628418
41.9448356628418
41.9448356628418
41.42475128173828
41.42475128173828
41.42475128173828
41.997562408447266
41.997562408447266
41.997562408447266
41.2712287902832
41.2712287902832
41.2712287902832
41.2712287902832
42.61359786987305
42.61359786987305
42.61359786987305
41.865989685058594
41.865989685058594
41.865989685058594
41.631229400634766
41.631229400634766
41.631229400634766
42.42420196533203
42.42420196533203
42.42420196533203
41.70918655395508
41.70918655395508
41.70918655395508
41.70918655395508
41.89223861694336
41.89223861694336
41.89223861694336
42.478145599365234
42.478145599365234
42.478145599365234
41.34784698486328
41.34784698486328
41.34784698486328
41.9448356628418
41.9448356628418
41.9448356628418
41.399078369140625
41.399078369140625
41.399078369140625
41.9711799621582
41.9711799621582
41.9711799621582
41.9711799621582
41.32227325439453
41.32227325439453
41.32227325439453
42.64079284667969
42.64079284667969
42.64079284667969
41.89223861694336
41.89223861694336
41.89223861694336
41.57941436767578
41.57941436767578
41.57941436767578
42.478145599365234
42.478145599365234
42.478145599365234
42.478145599365234
41.683170318603516
41.683170318603516
41.683170318603516
41.9448356628418
41.9448356628418
41.9448356628418
42.45115661621094
42.45115661621094
42.45115661621094
41.37344741821289
41.37344741821289
41.37344741821289
41.9448356628418
41.9448356628418
41.9448356628418
41.9448356628418
41.42475128173828
41.42475128173828
41.42475128173828
41.9711799621582
41.9711799621582
41.9711799621582
41.32227325439453
41.32227325439453
41.32227325439453
42.64079284667969
42.64079284667969
42.64079284667969
41.89223861694336
41.89223861694336
41.89223861694336
41.89223861694336
41.60530090332031
41.60530090332031
41.60530090332031
42.45115661621094
42.45115661621094
42.45115661621094
41.7352409362793
41.7352409362793
41.7352409362793
41.9448356628418
41.9448356628418
41.9448356628418
42.478145599365234
42.478145599365234
42.478145599365234
41.32227325439453
41.32227325439453
41.32227325439453
41.32227325439453
41.9711799621582
41.9711799621582
41.9711799621582
41.42475128173828
41.42475128173828
41.42475128173828
41.997562408447266
41.997562408447266
41.997562408447266
41.29673767089844
41.29673767089844
41.29673767089844
42.64079284667969
42.64079284667969
42.64079284667969
42.64079284667969
41.89223861694336
41.89223861694336
41.89223861694336
41.60530090332031
41.60530090332031
41.60530090332031
42.45115661621094
42.45115661621094
42.45115661621094
41.70918655395508
41.70918655395508
41.70918655395508
41.918521881103516
41.918521881103516
41.918521881103516
42.505165100097656
42.505165100097656
42.505165100097656
42.505165100097656
41.29673767089844
41.29673767089844
41.29673767089844
41.9448356628418
41.9448356628418
41.9448356628418
41.42475128173828
41.42475128173828
41.42475128173828
41.9711799621582
41.9711799621582
41.9711799621582
41.9711799621582
41.29673767089844
41.29673767089844
41.29673767089844
42.66801834106445
42.66801834106445
42.66801834106445
41.81359100341797
41.81359100341797
41.81359100341797
41.631229400634766
41.631229400634766
41.631229400634766
42.42420196533203
42.42420196533203
42.42420196533203
41.683170318603516
41.683170318603516
41.683170318603516
41.683170318603516
41.89223861694336
41.89223861694336
41.89223861694336
42.45115661621094
42.45115661621094
42.45115661621094
41.29673767089844
41.29673767089844
41.29673767089844
41.9448356628418
41.9448356628418
41.9448356628418
41.399078369140625
41.399078369140625
41.399078369140625
41.399078369140625
41.9448356628418
41.9448356628418
41.9448356628418
41.245750427246094
41.245750427246094
41.245750427246094
42.61359786987305
42.61359786987305
42.61359786987305
41.918521881103516
41.918521881103516
41.918521881103516
41.52772903442383
41.52772903442383
41.52772903442383
41.52772903442383
42.45115661621094
42.45115661621094
42.45115661621094
41.65718078613281
41.65718078613281
41.65718078613281
41.89223861694336
41.89223861694336
41.89223861694336
42.45115661621094
42.45115661621094
42.45115661621094
41.32227325439453
41.32227325439453
41.32227325439453
41.32227325439453
41.918521881103516
41.918521881103516
41.918521881103516
41.37344741821289
41.37344741821289
41.37344741821289
41.9711799621582
41.9711799621582
41.9711799621582
41.2712287902832
41.2712287902832
41.2712287902832
42.61359786987305
42.61359786987305
42.61359786987305
42.61359786987305
41.865989685058594
41.865989685058594
41.865989685058594
41.60530090332031
41.60530090332031
41.60530090332031
42.45115661621094
42.45115661621094
42.45115661621094
41.683170318603516
41.683170318603516
41.683170318603516
41.918521881103516
41.918521881103516
41.918521881103516
42.42420196533203
42.42420196533203
42.42420196533203
42.42420196533203
41.32227325439453
41.32227325439453
41.32227325439453
41.918521881103516
41.918521881103516
41.918521881103516
41.37344741821289
41.37344741821289
41.37344741821289
41.9711799621582
41.9711799621582
41.9711799621582
41.245750427246094
41.245750427246094
41.245750427246094
41.245750427246094
42.61359786987305
42.61359786987305
42.61359786987305
41.89223861694336
41.89223861694336
41.89223861694336
41.57941436767578
41.57941436767578
41.57941436767578
42.45115661621094
42.45115661621094
42.45115661621094
41.683170318603516
41.683170318603516
41.683170318603516
41.683170318603516
41.89223861694336
41.89223861694336
41.89223861694336
42.478145599365234
42.478145599365234
42.478145599365234
41.32227325439453
41.32227325439453
41.32227325439453
41.918521881103516
41.918521881103516
41.918521881103516
41.399078369140625
41.399078369140625
41.399078369140625
41.399078369140625
41.9711799621582
41.9711799621582
41.9711799621582
41.2712287902832
41.2712287902832
41.2712287902832
42.61359786987305
42.61359786987305
42.61359786987305
41.89223861694336
41.89223861694336
41.89223861694336
41.60530090332031
41.60530090332031
41.60530090332031
42.45115661621094
42.45115661621094
42.45115661621094
42.45115661621094
41.76132583618164
41.76132583618164
41.76132583618164
41.9448356628418
41.9448356628418
41.9448356628418
42.45115661621094
42.45115661621094
42.45115661621094
41.34784698486328
41.34784698486328
41.34784698486328
41.9711799621582
41.9711799621582
41.9711799621582
41.9711799621582
41.42475128173828
41.42475128173828
41.42475128173828
41.997562408447266
41.997562408447266
41.997562408447266
41.29673767089844
41.29673767089844
41.29673767089844
42.66801834106445
42.66801834106445
42.66801834106445
41.918521881103516
41.918521881103516
41.918521881103516
41.918521881103516
41.65718078613281
41.65718078613281
41.65718078613281
42.505165100097656
42.505165100097656
42.505165100097656
41.76132583618164
41.76132583618164
41.76132583618164
41.918521881103516
41.918521881103516
41.918521881103516
42.532222747802734
42.532222747802734
42.532222747802734
42.532222747802734
41.37344741821289
41.37344741821289
41.37344741821289
41.9711799621582
41.9711799621582
41.9711799621582
41.45044708251953
41.45044708251953
41.45044708251953
41.997562408447266
41.997562408447266
41.997562408447266
41.32227325439453
41.32227325439453
41.32227325439453
42.66801834106445
42.66801834106445
42.66801834106445
42.66801834106445
41.89223861694336
41.89223861694336
41.89223861694336
41.631229400634766
41.631229400634766
41.631229400634766
42.505165100097656
42.505165100097656
42.505165100097656
41.683170318603516
41.683170318603516
41.683170318603516
41.997562408447266
41.997562408447266
41.997562408447266
41.997562408447266
42.505165100097656
42.505165100097656
42.505165100097656
41.32227325439453
41.32227325439453
41.32227325439453
41.9711799621582
41.9711799621582
41.9711799621582
41.42475128173828
41.42475128173828
41.42475128173828
41.997562408447266
41.997562408447266
41.997562408447266
41.997562408447266
41.32227325439453
41.32227325439453
41.32227325439453
42.64079284667969
42.64079284667969
42.64079284667969
41.89223861694336
41.89223861694336
41.89223861694336
41.60530090332031
41.60530090332031
41.60530090332031
42.478145599365234
42.478145599365234
42.478145599365234
41.70918655395508
41.70918655395508
41.70918655395508
41.70918655395508
41.918521881103516
41.918521881103516
41.918521881103516
42.478145599365234
42.478145599365234
42.478145599365234
41.34784698486328
41.34784698486328
41.34784698486328
41.9448356628418
41.9448356628418
41.9448356628418
41.42475128173828
41.42475128173828
41.42475128173828
41.42475128173828
41.997562408447266
41.997562408447266
41.997562408447266
41.29673767089844
41.29673767089844
41.29673767089844
42.64079284667969
42.64079284667969
42.64079284667969
41.918521881103516
41.918521881103516
41.918521881103516
41.60530090332031
41.60530090332031
41.60530090332031
41.60530090332031
42.478145599365234
42.478145599365234
42.478145599365234
41.70918655395508
41.70918655395508
41.70918655395508
41.9448356628418
41.9448356628418
41.9448356628418
42.478145599365234
42.478145599365234
42.478145599365234
41.37344741821289
41.37344741821289
41.37344741821289
41.37344741821289
41.9448356628418
41.9448356628418
41.9448356628418
41.45044708251953
41.45044708251953
41.45044708251953
41.997562408447266
41.997562408447266
41.997562408447266
41.32227325439453
41.32227325439453
41.32227325439453
42.66801834106445
42.66801834106445
42.66801834106445
41.81359100341797
41.81359100341797
41.81359100341797
41.81359100341797
41.7352409362793
41.7352409362793
41.7352409362793
42.505165100097656
42.505165100097656
42.505165100097656
41.7352409362793
41.7352409362793
41.7352409362793
41.9711799621582
41.9711799621582
41.9711799621582
42.505165100097656
42.505165100097656
42.505165100097656
42.505165100097656
41.37344741821289
41.37344741821289
41.37344741821289
41.997562408447266
41.997562408447266
41.997562408447266
41.45044708251953
41.45044708251953
41.45044708251953
41.997562408447266
41.997562408447266
41.997562408447266
41.32227325439453
41.32227325439453
41.32227325439453
41.32227325439453
42.69528579711914
42.69528579711914
42.69528579711914
41.89223861694336
41.89223861694336
41.89223861694336
41.631229400634766
41.631229400634766
41.631229400634766
42.478145599365234
42.478145599365234
42.478145599365234
41.7352409362793
41.7352409362793
41.7352409362793
41.9711799621582
41.9711799621582
41.9711799621582
41.9711799621582
42.505165100097656
42.505165100097656
42.505165100097656
41.37344741821289
41.37344741821289
41.37344741821289
41.997562408447266
41.997562408447266
41.997562408447266
41.45044708251953
41.45044708251953
41.45044708251953
42.05042266845703
42.05042266845703
42.05042266845703
42.05042266845703
41.32227325439453
41.32227325439453
41.32227325439453
42.69528579711914
42.69528579711914
42.69528579711914
41.918521881103516
41.918521881103516
41.918521881103516
41.683170318603516
41.683170318603516
41.683170318603516
42.532222747802734
42.532222747802734
42.532222747802734
42.532222747802734
41.78744125366211
41.78744125366211
41.78744125366211
41.9711799621582
41.9711799621582
41.9711799621582
42.5593147277832
42.5593147277832
42.5593147277832
41.45044708251953
41.45044708251953
41.45044708251953
42.05042266845703
42.05042266845703
42.05042266845703
41.399078369140625
41.399078369140625
41.399078369140625
41.399078369140625
42.15654373168945
42.15654373168945
42.15654373168945
41.42475128173828
41.42475128173828
41.42475128173828
42.74991989135742
42.74991989135742
42.74991989135742
41.9448356628418
41.9448356628418
41.9448356628418
41.70918655395508
41.70918655395508
41.70918655395508
41.70918655395508
42.61359786987305
42.61359786987305
42.61359786987305
41.78744125366211
41.78744125366211
41.78744125366211
41.997562408447266
41.997562408447266
41.997562408447266
42.5864372253418
42.5864372253418
42.5864372253418
41.45044708251953
41.45044708251953
41.45044708251953
42.05042266845703
42.05042266845703
42.05042266845703
42.05042266845703
41.50193786621094
41.50193786621094
41.50193786621094
42.103416442871094
42.103416442871094
42.103416442871094
41.34784698486328
41.34784698486328
41.34784698486328
42.777286529541016
42.777286529541016
42.777286529541016
41.9448356628418
41.9448356628418
41.9448356628418
41.9448356628418
41.70918655395508
41.70918655395508
41.70918655395508
42.505165100097656
42.505165100097656
42.505165100097656
41.81359100341797
41.81359100341797
41.81359100341797
41.9711799621582
41.9711799621582
41.9711799621582
42.5593147277832
42.5593147277832
42.5593147277832
41.399078369140625
41.399078369140625
41.399078369140625
41.399078369140625
42.02397918701172
42.02397918701172
42.02397918701172
41.47617721557617
41.47617721557617
41.47617721557617
42.05042266845703
42.05042266845703
42.05042266845703
41.34784698486328
41.34784698486328
41.34784698486328
42.72258377075195
42.72258377075195
42.72258377075195
42.72258377075195
41.9448356628418
41.9448356628418
41.9448356628418
41.683170318603516
41.683170318603516
41.683170318603516
42.532222747802734
42.532222747802734
42.532222747802734
41.78744125366211
41.78744125366211
41.78744125366211
41.9711799621582
41.9711799621582
41.9711799621582
42.505165100097656
42.505165100097656
42.505165100097656
42.505165100097656
41.42475128173828
41.42475128173828
41.42475128173828
42.02397918701172
42.02397918701172
42.02397918701172
41.47617721557617
41.47617721557617
41.47617721557617
42.02397918701172
42.02397918701172
42.02397918701172
42.02397918701172
41.34784698486328
41.34784698486328
41.34784698486328
42.69528579711914
42.69528579711914
42.69528579711914
41.918521881103516
41.918521881103516
41.918521881103516
41.65718078613281
41.65718078613281
41.65718078613281
42.532222747802734
42.532222747802734
42.532222747802734
41.78744125366211
41.78744125366211
41.78744125366211
41.78744125366211
41.9711799621582
41.9711799621582
41.9711799621582
42.532222747802734
42.532222747802734
42.532222747802734
41.42475128173828
41.42475128173828
41.42475128173828
41.997562408447266
41.997562408447266
41.997562408447266
41.45044708251953
41.45044708251953
41.45044708251953
41.45044708251953
42.076900482177734
42.076900482177734
42.076900482177734
41.37344741821289
41.37344741821289
41.37344741821289
42.69528579711914
42.69528579711914
42.69528579711914
41.9711799621582
41.9711799621582
41.9711799621582
41.683170318603516
41.683170318603516
41.683170318603516
42.5593147277832
42.5593147277832
42.5593147277832
42.5593147277832
41.78744125366211
41.78744125366211
41.78744125366211
42.02397918701172
42.02397918701172
42.02397918701172
42.5593147277832
42.5593147277832
42.5593147277832
41.42475128173828
41.42475128173828
41.42475128173828
42.076900482177734
42.076900482177734
42.076900482177734
42.076900482177734
41.52772903442383
41.52772903442383
41.52772903442383
42.076900482177734
42.076900482177734
42.076900482177734
41.399078369140625
41.399078369140625
41.399078369140625
42.777286529541016
42.777286529541016
42.777286529541016
41.9711799621582
41.9711799621582
41.9711799621582
41.7352409362793
41.7352409362793
41.7352409362793
41.7352409362793
42.5593147277832
42.5593147277832
42.5593147277832
41.81359100341797
41.81359100341797
41.81359100341797
42.02397918701172
42.02397918701172
42.02397918701172
42.5864372253418
42.5864372253418
42.5864372253418
41.47617721557617
41.47617721557617
41.47617721557617
41.47617721557617
42.05042266845703
42.05042266845703
42.05042266845703
41.52772903442383
41.52772903442383
41.52772903442383
42.076900482177734
42.076900482177734
42.076900482177734
41.399078369140625
41.399078369140625
41.399078369140625
42.777286529541016
42.777286529541016
42.777286529541016
41.9711799621582
41.9711799621582
41.9711799621582
41.9711799621582
41.7352409362793
41.7352409362793
41.7352409362793
42.5593147277832
42.5593147277832
42.5593147277832
41.83977508544922
41.83977508544922
41.83977508544922
42.05042266845703
42.05042266845703
42.05042266845703
42.5864372253418
42.5864372253418
42.5864372253418
42.5864372253418
41.42475128173828
41.42475128173828
41.42475128173828
42.02397918701172
42.02397918701172
42.02397918701172
41.50193786621094
41.50193786621094
41.50193786621094
42.103416442871094
42.103416442871094
42.103416442871094
41.37344741821289
41.37344741821289
41.37344741821289
42.72258377075195
42.72258377075195
42.72258377075195
42.72258377075195
41.997562408447266
41.997562408447266
41.997562408447266
41.65718078613281
41.65718078613281
41.65718078613281
42.5593147277832
42.5593147277832
42.5593147277832
41.78744125366211
41.78744125366211
41.78744125366211
41.9711799621582
41.9711799621582
41.9711799621582
41.9711799621582
42.5593147277832
42.5593147277832
42.5593147277832
41.42475128173828
41.42475128173828
41.42475128173828
42.05042266845703
42.05042266845703
42.05042266845703
41.45044708251953
41.45044708251953
41.45044708251953
42.076900482177734
42.076900482177734
42.076900482177734
42.076900482177734
41.37344741821289
41.37344741821289
41.37344741821289
42.72258377075195
42.72258377075195
42.72258377075195
41.9448356628418
41.9448356628418
41.9448356628418
41.70918655395508
41.70918655395508
41.70918655395508
42.5864372253418
42.5864372253418
42.5864372253418
41.76132583618164
41.76132583618164
41.76132583618164
41.76132583618164
41.997562408447266
41.997562408447266
41.997562408447266
42.532222747802734
42.532222747802734
42.532222747802734
41.42475128173828
41.42475128173828
41.42475128173828
42.05042266845703
42.05042266845703
42.05042266845703
41.47617721557617
41.47617721557617
41.47617721557617
41.47617721557617
42.076900482177734
42.076900482177734
42.076900482177734
41.399078369140625
41.399078369140625
41.399078369140625
42.69528579711914
42.69528579711914
42.69528579711914
41.9711799621582
41.9711799621582
41.9711799621582
41.683170318603516
41.683170318603516
41.683170318603516
42.532222747802734
42.532222747802734
42.532222747802734
42.532222747802734
41.81359100341797
41.81359100341797
41.81359100341797
42.02397918701172
42.02397918701172
42.02397918701172
42.5593147277832
42.5593147277832
42.5593147277832
41.42475128173828
41.42475128173828
41.42475128173828
42.05042266845703
42.05042266845703
42.05042266845703
42.05042266845703
41.47617721557617
41.47617721557617
41.47617721557617
42.103416442871094
42.103416442871094
42.103416442871094
41.399078369140625
41.399078369140625
41.399078369140625
42.74991989135742
42.74991989135742
42.74991989135742
41.9711799621582
41.9711799621582
41.9711799621582
41.60530090332031
41.60530090332031
41.60530090332031
41.60530090332031
42.66801834106445
42.66801834106445
42.66801834106445
41.78744125366211
41.78744125366211
41.78744125366211
42.02397918701172
42.02397918701172
42.02397918701172
42.5593147277832
42.5593147277832
42.5593147277832
41.45044708251953
41.45044708251953
41.45044708251953
41.45044708251953
42.05042266845703
42.05042266845703
42.05042266845703
41.50193786621094
41.50193786621094
41.50193786621094
42.12996292114258
42.12996292114258
42.12996292114258
41.34784698486328
41.34784698486328
41.34784698486328
42.74991989135742
42.74991989135742
42.74991989135742
41.997562408447266
41.997562408447266
41.997562408447266
41.997562408447266
41.7352409362793
41.7352409362793
41.7352409362793
42.5864372253418
42.5864372253418
42.5864372253418
41.83977508544922
41.83977508544922
41.83977508544922
42.05042266845703
42.05042266845703
42.05042266845703
42.61359786987305
42.61359786987305
42.61359786987305
42.61359786987305
41.50193786621094
41.50193786621094
41.50193786621094
42.076900482177734
42.076900482177734
42.076900482177734
41.50193786621094
41.50193786621094
41.50193786621094
42.15654373168945
42.15654373168945
42.15654373168945
41.399078369140625
41.399078369140625
41.399078369140625
42.74991989135742
42.74991989135742
42.74991989135742
42.74991989135742
42.02397918701172
42.02397918701172
42.02397918701172
41.7352409362793
41.7352409362793
41.7352409362793
42.5864372253418
42.5864372253418
42.5864372253418
41.83977508544922
41.83977508544922
41.83977508544922
42.05042266845703
42.05042266845703
42.05042266845703
42.5864372253418
42.5864372253418
42.5864372253418
42.5864372253418
41.47617721557617
41.47617721557617
41.47617721557617
42.05042266845703
42.05042266845703
42.05042266845703
41.553558349609375
41.553558349609375
41.553558349609375
42.05042266845703
42.05042266845703
42.05042266845703
42.05042266845703
41.399078369140625
41.399078369140625
41.399078369140625
42.72258377075195
42.72258377075195
42.72258377075195
41.997562408447266
41.997562408447266
41.997562408447266
41.70918655395508
41.70918655395508
41.70918655395508
42.532222747802734
42.532222747802734
42.532222747802734
41.81359100341797
41.81359100341797
41.81359100341797
41.81359100341797
42.02397918701172
42.02397918701172
42.02397918701172
42.5593147277832
42.5593147277832
42.5593147277832
41.45044708251953
41.45044708251953
41.45044708251953
41.997562408447266
41.997562408447266
41.997562408447266
41.52772903442383
41.52772903442383
41.52772903442383
42.02397918701172
42.02397918701172
42.02397918701172
42.02397918701172
41.42475128173828
41.42475128173828
41.42475128173828
42.72258377075195
42.72258377075195
42.72258377075195
41.9711799621582
41.9711799621582
41.9711799621582
41.70918655395508
41.70918655395508
41.70918655395508
42.5593147277832
42.5593147277832
42.5593147277832
42.5593147277832
41.78744125366211
41.78744125366211
41.78744125366211
42.05042266845703
42.05042266845703
42.05042266845703
42.505165100097656
42.505165100097656
42.505165100097656
41.45044708251953
41.45044708251953
41.45044708251953
41.997562408447266
41.997562408447266
41.997562408447266
41.997562408447266
41.52772903442383
41.52772903442383
41.52772903442383
42.05042266845703
42.05042266845703
42.05042266845703
41.37344741821289
41.37344741821289
41.37344741821289
42.72258377075195
42.72258377075195
42.72258377075195
41.997562408447266
41.997562408447266
41.997562408447266
41.683170318603516
41.683170318603516
41.683170318603516
41.683170318603516
42.5864372253418
42.5864372253418
42.5864372253418
41.76132583618164
41.76132583618164
41.76132583618164
42.02397918701172
42.02397918701172
42.02397918701172
42.5593147277832
42.5593147277832
42.5593147277832
41.42475128173828
41.42475128173828
41.42475128173828
42.02397918701172
42.02397918701172
42.02397918701172
42.02397918701172
41.52772903442383
41.52772903442383
41.52772903442383
42.05042266845703
42.05042266845703
42.05042266845703
41.34784698486328
41.34784698486328
41.34784698486328
42.72258377075195
42.72258377075195
42.72258377075195
41.997562408447266
41.997562408447266
41.997562408447266
41.997562408447266
41.683170318603516
41.683170318603516
41.683170318603516
42.532222747802734
42.532222747802734
42.532222747802734
41.7352409362793
41.7352409362793
41.7352409362793
42.02397918701172
42.02397918701172
42.02397918701172
42.5593147277832
42.5593147277832
42.5593147277832
42.5593147277832
41.42475128173828
41.42475128173828
41.42475128173828
41.997562408447266
41.997562408447266
41.997562408447266
41.47617721557617
41.47617721557617
41.47617721557617
42.076900482177734
42.076900482177734
42.076900482177734
41.37344741821289
41.37344741821289
41.37344741821289
42.66801834106445
42.66801834106445
42.66801834106445
42.66801834106445
41.9711799621582
41.9711799621582
41.9711799621582
41.70918655395508
41.70918655395508
41.70918655395508
42.5593147277832
42.5593147277832
42.5593147277832
41.76132583618164
41.76132583618164
41.76132583618164
42.05042266845703
42.05042266845703
42.05042266845703
42.05042266845703
42.5593147277832
42.5593147277832
42.5593147277832
41.47617721557617
41.47617721557617
41.47617721557617
41.997562408447266
41.997562408447266
41.997562408447266
41.52772903442383
41.52772903442383
41.52772903442383
42.05042266845703
42.05042266845703
42.05042266845703
42.05042266845703
41.399078369140625
41.399078369140625
41.399078369140625
42.72258377075195
42.72258377075195
42.72258377075195
41.997562408447266
41.997562408447266
41.997562408447266
41.70918655395508
41.70918655395508
41.70918655395508
42.5864372253418
42.5864372253418
42.5864372253418
41.81359100341797
41.81359100341797
41.81359100341797
41.81359100341797
42.076900482177734
42.076900482177734
42.076900482177734
42.5864372253418
42.5864372253418
42.5864372253418
41.47617721557617
41.47617721557617
41.47617721557617
42.076900482177734
42.076900482177734
42.076900482177734
41.50193786621094
41.50193786621094
41.50193786621094
42.103416442871094
42.103416442871094
42.103416442871094
42.103416442871094
41.399078369140625
41.399078369140625
41.399078369140625
42.74991989135742
42.74991989135742
42.74991989135742
42.02397918701172
42.02397918701172
42.02397918701172
41.70918655395508
41.70918655395508
41.70918655395508
42.5593147277832
42.5593147277832
42.5593147277832
42.5593147277832
41.83977508544922
41.83977508544922
41.83977508544922
42.02397918701172
42.02397918701172
42.02397918701172
42.5864372253418
42.5864372253418
42.5864372253418
41.47617721557617
41.47617721557617
41.47617721557617
42.05042266845703
42.05042266845703
42.05042266845703
42.05042266845703
41.50193786621094
41.50193786621094
41.50193786621094
42.076900482177734
42.076900482177734
42.076900482177734
41.399078369140625
41.399078369140625
41.399078369140625
42.74991989135742
42.74991989135742
42.74991989135742
41.9711799621582
41.9711799621582
41.9711799621582
41.70918655395508
41.70918655395508
41.70918655395508
41.70918655395508
42.5593147277832
42.5593147277832
42.5593147277832
41.78744125366211
41.78744125366211
41.78744125366211
42.05042266845703
42.05042266845703
42.05042266845703
42.5593147277832
42.5593147277832
42.5593147277832
41.42475128173828
41.42475128173828
41.42475128173828
42.05042266845703
42.05042266845703
42.05042266845703
42.05042266845703
41.52772903442383
41.52772903442383
41.52772903442383
42.076900482177734
42.076900482177734
42.076900482177734
41.34784698486328
41.34784698486328
41.34784698486328
42.74991989135742
42.74991989135742
42.74991989135742
41.997562408447266
41.997562408447266
41.997562408447266
41.997562408447266
41.683170318603516
41.683170318603516
41.683170318603516
42.5593147277832
42.5593147277832
42.5593147277832
41.81359100341797
41.81359100341797
41.81359100341797
41.997562408447266
41.997562408447266
41.997562408447266
42.5864372253418
42.5864372253418
42.5864372253418
42.5864372253418
41.42475128173828
41.42475128173828
41.42475128173828
42.05042266845703
42.05042266845703
42.05042266845703
41.50193786621094
41.50193786621094
41.50193786621094
42.076900482177734
42.076900482177734
42.076900482177734
41.34784698486328
41.34784698486328
41.34784698486328
42.777286529541016
42.777286529541016
42.777286529541016
42.777286529541016
41.918521881103516
41.918521881103516
41.918521881103516
41.70918655395508
41.70918655395508
41.70918655395508
42.532222747802734
42.532222747802734
42.532222747802734
41.78744125366211
41.78744125366211
41.78744125366211
41.997562408447266
41.997562408447266
41.997562408447266
42.532222747802734
42.532222747802734
42.532222747802734
42.532222747802734
41.45044708251953
41.45044708251953
41.45044708251953
42.02397918701172
42.02397918701172
42.02397918701172
41.50193786621094
41.50193786621094
41.50193786621094
42.05042266845703
42.05042266845703
42.05042266845703
42.05042266845703
41.37344741821289
41.37344741821289
41.37344741821289
42.69528579711914
42.69528579711914
42.69528579711914
41.997562408447266
41.997562408447266
41.997562408447266
41.683170318603516
41.683170318603516
41.683170318603516
42.5593147277832
42.5593147277832
42.5593147277832
41.76132583618164
41.76132583618164
41.76132583618164
41.76132583618164
42.02397918701172
42.02397918701172
42.02397918701172
42.5593147277832
42.5593147277832
42.5593147277832
41.42475128173828
41.42475128173828
41.42475128173828
42.05042266845703
42.05042266845703
42.05042266845703
41.47617721557617
41.47617721557617
41.47617721557617
41.47617721557617
42.076900482177734
42.076900482177734
42.076900482177734
41.37344741821289
41.37344741821289
41.37344741821289
42.69528579711914
42.69528579711914
42.69528579711914
41.997562408447266
41.997562408447266
41.997562408447266
41.70918655395508
41.70918655395508
41.70918655395508
42.5593147277832
42.5593147277832
42.5593147277832
42.5593147277832
41.81359100341797
41.81359100341797
41.81359100341797
42.02397918701172
42.02397918701172
42.02397918701172
42.5864372253418
42.5864372253418
42.5864372253418
41.47617721557617
41.47617721557617
41.47617721557617
42.05042266845703
42.05042266845703
42.05042266845703
42.05042266845703
41.50193786621094
41.50193786621094
41.50193786621094
42.076900482177734
42.076900482177734
42.076900482177734
41.399078369140625
41.399078369140625
41.399078369140625
42.74991989135742
42.74991989135742
42.74991989135742
41.997562408447266
41.997562408447266
41.997562408447266
41.70918655395508
41.70918655395508
41.70918655395508
41.70918655395508
42.5864372253418
42.5864372253418
42.5864372253418
41.81359100341797
41.81359100341797
41.81359100341797
42.05042266845703
42.05042266845703
42.05042266845703
42.5593147277832
42.5593147277832
42.5593147277832
41.45044708251953
41.45044708251953
41.45044708251953
41.997562408447266
41.997562408447266
41.997562408447266
41.997562408447266
41.553558349609375
41.553558349609375
41.553558349609375
42.103416442871094
42.103416442871094
42.103416442871094
41.37344741821289
41.37344741821289
41.37344741821289
42.74991989135742
42.74991989135742
42.74991989135742
41.9711799621582
41.9711799621582
41.9711799621582
41.9711799621582
41.70918655395508
41.70918655395508
41.70918655395508
42.5864372253418
42.5864372253418
42.5864372253418
41.81359100341797
41.81359100341797
41.81359100341797
41.997562408447266
41.997562408447266
41.997562408447266
42.5864372253418
42.5864372253418
42.5864372253418
42.5864372253418
41.47617721557617
41.47617721557617
41.47617721557617
42.02397918701172
42.02397918701172
42.02397918701172
41.52772903442383
41.52772903442383
41.52772903442383
42.076900482177734
42.076900482177734
42.076900482177734
41.399078369140625
41.399078369140625
41.399078369140625
42.777286529541016
42.777286529541016
42.777286529541016
42.777286529541016
41.9711799621582
41.9711799621582
41.9711799621582
41.70918655395508
41.70918655395508
41.70918655395508
42.5593147277832
42.5593147277832
42.5593147277832
41.83977508544922
41.83977508544922
41.83977508544922
42.02397918701172
42.02397918701172
42.02397918701172
42.532222747802734
42.532222747802734
42.532222747802734
42.532222747802734
41.52772903442383
41.52772903442383
41.52772903442383
42.05042266845703
42.05042266845703
42.05042266845703
41.553558349609375
41.553558349609375
41.553558349609375
42.076900482177734
42.076900482177734
42.076900482177734
41.37344741821289
41.37344741821289
41.37344741821289
41.37344741821289
42.777286529541016
42.777286529541016
42.777286529541016
41.9711799621582
41.9711799621582
41.9711799621582
41.70918655395508
41.70918655395508
41.70918655395508
42.5864372253418
42.5864372253418
42.5864372253418
41.78744125366211
41.78744125366211
41.78744125366211
41.78744125366211
42.02397918701172
42.02397918701172
42.02397918701172
42.5593147277832
42.5593147277832
42.5593147277832
41.45044708251953
41.45044708251953
41.45044708251953
42.05042266845703
42.05042266845703
42.05042266845703
41.50193786621094
41.50193786621094
41.50193786621094
42.076900482177734
42.076900482177734
42.076900482177734
42.076900482177734
41.37344741821289
41.37344741821289
41.37344741821289
42.74991989135742
42.74991989135742
42.74991989135742
41.9711799621582
41.9711799621582
41.9711799621582
41.683170318603516
41.683170318603516
41.683170318603516
42.5864372253418
42.5864372253418
42.5864372253418
42.5864372253418
41.78744125366211
41.78744125366211
41.78744125366211
42.02397918701172
42.02397918701172
42.02397918701172
42.5593147277832
42.5593147277832
42.5593147277832
41.47617721557617
41.47617721557617
41.47617721557617
42.02397918701172
42.02397918701172
42.02397918701172
41.553558349609375
41.553558349609375
41.553558349609375
41.553558349609375
42.076900482177734
42.076900482177734
42.076900482177734
41.399078369140625
41.399078369140625
41.399078369140625
42.74991989135742
42.74991989135742
42.74991989135742
42.02397918701172
42.02397918701172
42.02397918701172
41.70918655395508
41.70918655395508
41.70918655395508
41.70918655395508
42.64079284667969
42.64079284667969
42.64079284667969
41.81359100341797
41.81359100341797
41.81359100341797
42.076900482177734
42.076900482177734
42.076900482177734
42.64079284667969
42.64079284667969
42.64079284667969
41.45044708251953
41.45044708251953
41.45044708251953
42.076900482177734
42.076900482177734
42.076900482177734
42.076900482177734
41.553558349609375
41.553558349609375
41.553558349609375
42.12996292114258
42.12996292114258
42.12996292114258
41.399078369140625
41.399078369140625
41.399078369140625
42.777286529541016
42.777286529541016
42.777286529541016
42.02397918701172
42.02397918701172
42.02397918701172
42.02397918701172
41.76132583618164
41.76132583618164
41.76132583618164
42.61359786987305
42.61359786987305
42.61359786987305
41.865989685058594
41.865989685058594
41.865989685058594
42.05042266845703
42.05042266845703
42.05042266845703
42.64079284667969
42.64079284667969
42.64079284667969
41.50193786621094
41.50193786621094
41.50193786621094
41.50193786621094
42.103416442871094
42.103416442871094
42.103416442871094
41.553558349609375
41.553558349609375
41.553558349609375
42.15654373168945
42.15654373168945
42.15654373168945
41.45044708251953
41.45044708251953
41.45044708251953
42.8046875
42.8046875
42.8046875
42.8046875
42.05042266845703
42.05042266845703
42.05042266845703
41.81359100341797
41.81359100341797
41.81359100341797
42.5864372253418
42.5864372253418
42.5864372253418
41.865989685058594
41.865989685058594
41.865989685058594
42.103416442871094
42.103416442871094
42.103416442871094
42.64079284667969
42.64079284667969
42.64079284667969
42.64079284667969
41.553558349609375
41.553558349609375
41.553558349609375
42.12996292114258
42.12996292114258
42.12996292114258
41.60530090332031
41.60530090332031
41.60530090332031
42.18315505981445
42.18315505981445
42.18315505981445
41.47617721557617
41.47617721557617
41.47617721557617
42.85960388183594
42.85960388183594
42.85960388183594
42.85960388183594
42.05042266845703
42.05042266845703
42.05042266845703
41.81359100341797
41.81359100341797
41.81359100341797
42.64079284667969
42.64079284667969
42.64079284667969
41.89223861694336
41.89223861694336
41.89223861694336
42.103416442871094
42.103416442871094
42.103416442871094
42.66801834106445
42.66801834106445
42.66801834106445
42.66801834106445
41.52772903442383
41.52772903442383
41.52772903442383
42.15654373168945
42.15654373168945
42.15654373168945
41.631229400634766
41.631229400634766
41.631229400634766
42.18315505981445
42.18315505981445
42.18315505981445
41.50193786621094
41.50193786621094
41.50193786621094
41.50193786621094
42.83212661743164
42.83212661743164
42.83212661743164
42.103416442871094
42.103416442871094
