-0.0
-0.0
-0.0
-0.0
-0.0
-0.0
-0.0
-0.0
-0.0
-0.0
0.0
0.0
0.0
0.0
0.0
0.0
0.0
0.0
0.0003710659802891314
0.0003710659802891314
0.0003710659802891314
0.0003710659802891314
0.0003710659802891314
0.0003710659802891314
0.0003710659802891314
0.0003710659802891314
0.0003710659802891314
0.0003710659802891314
0.0
12.408193588256836
12.408193588256836
12.408193588256836
12.408193588256836
12.408193588256836
12.408193588256836
12.408193588256836
12.408193588256836
16.958913803100586
16.958913803100586
16.958913803100586
16.958913803100586
16.958913803100586
16.958913803100586
16.958913803100586
19.862699508666992
19.862699508666992
19.862699508666992
19.862699508666992
19.862699508666992
19.862699508666992
21.957975387573242
21.957975387573242
21.957975387573242
21.957975387573242
21.957975387573242
23.966325759887695
23.966325759887695
23.966325759887695
23.966325759887695
23.966325759887695
23.966325759887695
25.25250244140625
25.25250244140625
25.25250244140625
25.25250244140625
25.25250244140625
27.306137084960938
27.306137084960938
27.306137084960938
27.306137084960938
28.01598358154297
28.01598358154297
28.01598358154297
28.01598358154297
28.01598358154297
28.813335418701172
28.813335418701172
28.813335418701172
28.813335418701172
30.385684967041016
30.385684967041016
30.385684967041016
30.385684967041016
30.385684967041016
30.622419357299805
30.622419357299805
30.622419357299805
30.622419357299805
31.577560424804688
31.577560424804688
31.577560424804688
31.577560424804688
32.59420394897461
32.59420394897461
32.59420394897461
32.59420394897461
32.42024230957031
32.42024230957031
32.42024230957031
32.42024230957031
33.392364501953125
33.392364501953125
33.392364501953125
33.392364501953125
33.57694625854492
33.57694625854492
33.57694625854492
33.57694625854492
34.46009063720703
34.46009063720703
34.46009063720703
34.46009063720703
34.371463775634766
34.371463775634766
34.371463775634766
34.371463775634766
35.84663391113281
35.84663391113281
35.84663391113281
35.636329650878906
35.636329650878906
35.636329650878906
35.636329650878906
35.69343948364258
35.69343948364258
35.69343948364258
35.69343948364258
36.773868560791016
36.773868560791016
36.773868560791016
36.413143157958984
36.413143157958984
36.413143157958984
36.413143157958984
36.89570236206055
36.89570236206055
36.89570236206055
36.89570236206055
37.58049392700195
37.58049392700195
37.58049392700195
36.85499954223633
36.85499954223633
36.85499954223633
36.85499954223633
37.60164260864258
37.60164260864258
37.60164260864258
37.37031173706055
37.37031173706055
37.37031173706055
37.37031173706055
38.073001861572266
38.073001861572266
38.073001861572266
37.64401626586914
37.64401626586914
37.64401626586914
37.64401626586914
39.029273986816406
39.029273986816406
39.029273986816406
38.51188278198242
38.51188278198242
38.51188278198242
38.51188278198242
38.423301696777344
38.423301696777344
38.423301696777344
39.35107421875
39.35107421875
39.35107421875
39.35107421875
38.80262756347656
38.80262756347656
38.80262756347656
39.166542053222656
39.166542053222656
39.166542053222656
39.77268981933594
39.77268981933594
39.77268981933594
39.77268981933594
38.89297103881836
38.89297103881836
38.89297103881836
39.537349700927734
39.537349700927734
39.537349700927734
39.537349700927734
39.18951416015625
39.18951416015625
39.18951416015625
39.820098876953125
39.820098876953125
39.820098876953125
39.30477523803711
39.30477523803711
39.30477523803711
39.30477523803711
40.64362716674805
40.64362716674805
40.64362716674805
40.01084518432617
40.01084518432617
40.01084518432617
39.86761474609375
39.86761474609375
39.86761474609375
39.86761474609375
40.79249954223633
40.79249954223633
40.79249954223633
40.10691452026367
40.10691452026367
40.10691452026367
40.42233657836914
40.42233657836914
40.42233657836914
40.42233657836914
41.01787567138672
41.01787567138672
41.01787567138672
39.98690414428711
39.98690414428711
39.98690414428711
40.64362716674805
40.64362716674805
40.64362716674805
40.17926788330078
40.17926788330078
40.17926788330078
40.17926788330078
40.81742477416992
40.81742477416992
40.81742477416992
40.17926788330078
40.17926788330078
40.17926788330078
41.50193786621094
41.50193786621094
41.50193786621094
41.50193786621094
40.867347717285156
40.867347717285156
40.867347717285156
40.618919372558594
40.618919372558594
40.618919372558594
41.52772903442383
41.52772903442383
41.52772903442383
40.81742477416992
40.81742477416992
40.81742477416992
40.81742477416992
41.09355545043945
41.09355545043945
41.09355545043945
41.631229400634766
41.631229400634766
41.631229400634766
40.59423828125
40.59423828125
40.59423828125
41.19489669799805
41.19489669799805
41.19489669799805
41.19489669799805
40.74275588989258
40.74275588989258
40.74275588989258
41.29673767089844
41.29673767089844
41.29673767089844
40.66836166381836
40.66836166381836
40.66836166381836
41.9711799621582
41.9711799621582
41.9711799621582
41.9711799621582
41.32227325439453
41.32227325439453
41.32227325439453
41.01787567138672
41.01787567138672
41.01787567138672
41.918521881103516
41.918521881103516
41.918521881103516
41.19489669799805
41.19489669799805
41.19489669799805
41.45044708251953
41.45044708251953
41.45044708251953
41.45044708251953
41.9711799621582
41.9711799621582
41.9711799621582
40.91740036010742
40.91740036010742
40.91740036010742
41.47617721557617
41.47617721557617
41.47617721557617
40.99271011352539
40.99271011352539
40.99271011352539
40.99271011352539
41.52772903442383
41.52772903442383
41.52772903442383
40.892364501953125
40.892364501953125
40.892364501953125
42.18315505981445
42.18315505981445
42.18315505981445
41.47617721557617
41.47617721557617
41.47617721557617
41.47617721557617
41.220306396484375
41.220306396484375
41.220306396484375
42.05042266845703
42.05042266845703
42.05042266845703
41.34784698486328
41.34784698486328
41.34784698486328
41.553558349609375
41.553558349609375
41.553558349609375
42.076900482177734
42.076900482177734
42.076900482177734
42.076900482177734
41.06829833984375
41.06829833984375
41.06829833984375
41.553558349609375
41.553558349609375
41.553558349609375
41.11884307861328
41.11884307861328
41.11884307861328
41.631229400634766
41.631229400634766
41.631229400634766
41.631229400634766
41.01787567138672
41.01787567138672
41.01787567138672
42.289947509765625
42.289947509765625
42.289947509765625
41.57941436767578
41.57941436767578
41.57941436767578
41.34784698486328
41.34784698486328
41.34784698486328
42.18315505981445
42.18315505981445
42.18315505981445
42.18315505981445
41.45044708251953
41.45044708251953
41.45044708251953
41.683170318603516
41.683170318603516
41.683170318603516
42.26319885253906
42.26319885253906
42.26319885253906
41.11884307861328
41.11884307861328
41.11884307861328
41.70918655395508
41.70918655395508
41.70918655395508
41.70918655395508
41.245750427246094
41.245750427246094
41.245750427246094
41.78744125366211
41.78744125366211
41.78744125366211
41.09355545043945
41.09355545043945
41.09355545043945
42.42420196533203
42.42420196533203
42.42420196533203
41.70918655395508
41.70918655395508
41.70918655395508
41.70918655395508
41.45044708251953
41.45044708251953
41.45044708251953
42.26319885253906
42.26319885253906
42.26319885253906
41.553558349609375
41.553558349609375
41.553558349609375
41.78744125366211
41.78744125366211
41.78744125366211
42.31672668457031
42.31672668457031
42.31672668457031
42.31672668457031
41.19489669799805
41.19489669799805
41.19489669799805
41.83977508544922
41.83977508544922
41.83977508544922
41.29673767089844
41.29673767089844
41.29673767089844
41.865989685058594
41.865989685058594
41.865989685058594
41.16951370239258
41.16951370239258
41.16951370239258
41.16951370239258
42.505165100097656
42.505165100097656
42.505165100097656
41.78744125366211
41.78744125366211
41.78744125366211
41.47617721557617
41.47617721557617
41.47617721557617
42.31672668457031
42.31672668457031
42.31672668457031
41.60530090332031
41.60530090332031
41.60530090332031
41.60530090332031
41.81359100341797
41.81359100341797
41.81359100341797
42.34354782104492
42.34354782104492
42.34354782104492
41.220306396484375
41.220306396484375
41.220306396484375
41.83977508544922
41.83977508544922
41.83977508544922
41.29673767089844
41.29673767089844
41.29673767089844
41.29673767089844
41.89223861694336
41.89223861694336
41.89223861694336
41.19489669799805
41.19489669799805
41.19489669799805
42.505165100097656
42.505165100097656
42.505165100097656
41.76132583618164
41.76132583618164
41.76132583618164
41.50193786621094
41.50193786621094
41.50193786621094
41.50193786621094
42.34354782104492
42.34354782104492
42.34354782104492
41.60530090332031
41.60530090332031
41.60530090332031
41.81359100341797
41.81359100341797
41.81359100341797
42.34354782104492
42.34354782104492
42.34354782104492
41.245750427246094
41.245750427246094
41.245750427246094
41.245750427246094
41.83977508544922
41.83977508544922
41.83977508544922
41.32227325439453
41.32227325439453
41.32227325439453
41.89223861694336
41.89223861694336
41.89223861694336
41.16951370239258
41.16951370239258
41.16951370239258
42.505165100097656
42.505165100097656
42.505165100097656
42.505165100097656
41.7352409362793
41.7352409362793
41.7352409362793
41.50193786621094
41.50193786621094
41.50193786621094
42.34354782104492
42.34354782104492
42.34354782104492
41.60530090332031
41.60530090332031
41.60530090332031
41.81359100341797
41.81359100341797
41.81359100341797
41.81359100341797
42.34354782104492
42.34354782104492
42.34354782104492
41.245750427246094
41.245750427246094
41.245750427246094
41.81359100341797
41.81359100341797
41.81359100341797
41.29673767089844
41.29673767089844
41.29673767089844
41.865989685058594
41.865989685058594
41.865989685058594
41.865989685058594
41.16951370239258
41.16951370239258
41.16951370239258
42.478145599365234
42.478145599365234
42.478145599365234
41.76132583618164
41.76132583618164
41.76132583618164
41.47617721557617
41.47617721557617
41.47617721557617
42.31672668457031
42.31672668457031
42.31672668457031
42.31672668457031
41.57941436767578
41.57941436767578
41.57941436767578
41.78744125366211
41.78744125366211
41.78744125366211
42.31672668457031
42.31672668457031
42.31672668457031
41.19489669799805
41.19489669799805
41.19489669799805
41.81359100341797
41.81359100341797
41.81359100341797
41.81359100341797
41.2712287902832
41.2712287902832
41.2712287902832
41.81359100341797
41.81359100341797
41.81359100341797
41.144161224365234
41.144161224365234
41.144161224365234
42.45115661621094
42.45115661621094
42.45115661621094
41.7352409362793
41.7352409362793
41.7352409362793
41.7352409362793
41.45044708251953
41.45044708251953
41.45044708251953
42.289947509765625
42.289947509765625
42.289947509765625
41.57941436767578
41.57941436767578
41.57941436767578
41.81359100341797
41.81359100341797
41.81359100341797
42.289947509765625
42.289947509765625
42.289947509765625
42.289947509765625
41.245750427246094
41.245750427246094
41.245750427246094
41.81359100341797
41.81359100341797
41.81359100341797
41.29673767089844
41.29673767089844
41.29673767089844
41.865989685058594
41.865989685058594
41.865989685058594
41.16951370239258
41.16951370239258
41.16951370239258
41.16951370239258
42.505165100097656
42.505165100097656
42.505165100097656
41.7352409362793
41.7352409362793
41.7352409362793
41.52772903442383
41.52772903442383
41.52772903442383
42.34354782104492
42.34354782104492
42.34354782104492
41.60530090332031
41.60530090332031
41.60530090332031
41.60530090332031
41.83977508544922
41.83977508544922
41.83977508544922
42.34354782104492
42.34354782104492
42.34354782104492
41.29673767089844
41.29673767089844
41.29673767089844
41.865989685058594
41.865989685058594
41.865989685058594
41.32227325439453
41.32227325439453
41.32227325439453
41.32227325439453
41.918521881103516
41.918521881103516
41.918521881103516
41.245750427246094
41.245750427246094
41.245750427246094
42.505165100097656
42.505165100097656
42.505165100097656
41.78744125366211
41.78744125366211
41.78744125366211
41.50193786621094
41.50193786621094
41.50193786621094
41.50193786621094
42.370399475097656
42.370399475097656
42.370399475097656
41.60530090332031
41.60530090332031
41.60530090332031
41.83977508544922
41.83977508544922
41.83977508544922
42.370399475097656
42.370399475097656
42.370399475097656
41.245750427246094
41.245750427246094
41.245750427246094
41.245750427246094
41.83977508544922
41.83977508544922
41.83977508544922
41.34784698486328
41.34784698486328
41.34784698486328
41.89223861694336
41.89223861694336
41.89223861694336
41.19489669799805
41.19489669799805
41.19489669799805
42.532222747802734
42.532222747802734
42.532222747802734
42.532222747802734
41.78744125366211
41.78744125366211
41.78744125366211
41.52772903442383
41.52772903442383
41.52772903442383
42.34354782104492
42.34354782104492
42.34354782104492
41.65718078613281
41.65718078613281
41.65718078613281
41.81359100341797
41.81359100341797
41.81359100341797
42.26319885253906
42.26319885253906
42.26319885253906
42.26319885253906
41.399078369140625
41.399078369140625
41.399078369140625
41.83977508544922
41.83977508544922
41.83977508544922
41.29673767089844
41.29673767089844
41.29673767089844
41.918521881103516
41.918521881103516
41.918521881103516
41.918521881103516
41.245750427246094
41.245750427246094
41.245750427246094
42.478145599365234
42.478145599365234
42.478145599365234
41.78744125366211
41.78744125366211
41.78744125366211
41.52772903442383
41.52772903442383
41.52772903442383
42.34354782104492
42.34354782104492
42.34354782104492
41.631229400634766
41.631229400634766
41.631229400634766
41.631229400634766
41.865989685058594
41.865989685058594
41.865989685058594
42.39728546142578
42.39728546142578
42.39728546142578
41.29673767089844
41.29673767089844
41.29673767089844
41.89223861694336
41.89223861694336
41.89223861694336
41.37344741821289
41.37344741821289
41.37344741821289
41.37344741821289
41.918521881103516
41.918521881103516
41.918521881103516
41.245750427246094
41.245750427246094
41.245750427246094
42.5593147277832
42.5593147277832
42.5593147277832
41.83977508544922
41.83977508544922
41.83977508544922
41.45044708251953
41.45044708251953
41.45044708251953
41.45044708251953
42.532222747802734
42.532222747802734
42.532222747802734
41.65718078613281
41.65718078613281
41.65718078613281
41.865989685058594
41.865989685058594
41.865989685058594
42.39728546142578
42.39728546142578
42.39728546142578
41.34784698486328
41.34784698486328
41.34784698486328
41.34784698486328
41.89223861694336
41.89223861694336
41.89223861694336
41.37344741821289
41.37344741821289
41.37344741821289
41.9448356628418
41.9448356628418
41.9448356628418
41.2712287902832
41.2712287902832
41.2712287902832
42.5864372253418
42.5864372253418
42.5864372253418
42.5864372253418
41.81359100341797
41.81359100341797
41.81359100341797
41.57941436767578
41.57941436767578
41.57941436767578
42.42420196533203
42.42420196533203
42.42420196533203
41.683170318603516
41.683170318603516
41.683170318603516
41.865989685058594
41.865989685058594
41.865989685058594
42.42420196533203
42.42420196533203
42.42420196533203
42.42420196533203
41.32227325439453
41.32227325439453
41.32227325439453
41.89223861694336
41.89223861694336
41.89223861694336
41.399078369140625
41.399078369140625
41.399078369140625
41.918521881103516
41.918521881103516
41.918521881103516
41.918521881103516
41.245750427246094
41.245750427246094
41.245750427246094
42.5593147277832
42.5593147277832
42.5593147277832
41.83977508544922
41.83977508544922
41.83977508544922
41.52772903442383
41.52772903442383
41.52772903442383
42.39728546142578
42.39728546142578
42.39728546142578
41.683170318603516
41.683170318603516
41.683170318603516
41.683170318603516
41.865989685058594
41.865989685058594
41.865989685058594
42.42420196533203
42.42420196533203
42.42420196533203
41.2712287902832
41.2712287902832
41.2712287902832
41.9448356628418
41.9448356628418
41.9448356628418
41.34784698486328
41.34784698486328
41.34784698486328
41.34784698486328
41.918521881103516
41.918521881103516
41.918521881103516
41.2712287902832
41.2712287902832
41.2712287902832
42.5593147277832
42.5593147277832
42.5593147277832
41.83977508544922
41.83977508544922
41.83977508544922
41.57941436767578
41.57941436767578
41.57941436767578
41.57941436767578
42.42420196533203
42.42420196533203
42.42420196533203
41.683170318603516
41.683170318603516
41.683170318603516
41.89223861694336
41.89223861694336
41.89223861694336
42.45115661621094
42.45115661621094
42.45115661621094
41.34784698486328
41.34784698486328
41.34784698486328
41.34784698486328
41.918521881103516
41.918521881103516
41.918521881103516
41.37344741821289
41.37344741821289
41.37344741821289
41.9711799621582
41.9711799621582
41.9711799621582
41.29673767089844
41.29673767089844
41.29673767089844
42.5864372253418
42.5864372253418
42.5864372253418
42.5864372253418
41.865989685058594
41.865989685058594
41.865989685058594
41.57941436767578
41.57941436767578
41.57941436767578
42.45115661621094
42.45115661621094
42.45115661621094
41.70918655395508
41.70918655395508
41.70918655395508
41.918521881103516
41.918521881103516
41.918521881103516
42.45115661621094
42.45115661621094
42.45115661621094
42.45115661621094
41.34784698486328
41.34784698486328
41.34784698486328
41.9448356628418
41.9448356628418
41.9448356628418
41.399078369140625
41.399078369140625
41.399078369140625
41.9711799621582
41.9711799621582
41.9711799621582
41.9711799621582
41.29673767089844
41.29673767089844
41.29673767089844
42.5864372253418
42.5864372253418
42.5864372253418
41.865989685058594
41.865989685058594
41.865989685058594
41.553558349609375
41.553558349609375
41.553558349609375
42.45115661621094
42.45115661621094
42.45115661621094
41.683170318603516
41.683170318603516
41.683170318603516
41.683170318603516
41.918521881103516
41.918521881103516
41.918521881103516
42.45115661621094
42.45115661621094
42.45115661621094
41.34784698486328
41.34784698486328
41.34784698486328
41.918521881103516
41.918521881103516
41.918521881103516
41.399078369140625
41.399078369140625
41.399078369140625
41.399078369140625
41.997562408447266
41.997562408447266
41.997562408447266
41.245750427246094
41.245750427246094
41.245750427246094
42.61359786987305
42.61359786987305
42.61359786987305
41.83977508544922
41.83977508544922
41.83977508544922
41.60530090332031
41.60530090332031
41.60530090332031
41.60530090332031
42.45115661621094
42.45115661621094
42.45115661621094
41.683170318603516
41.683170318603516
41.683170318603516
41.918521881103516
41.918521881103516
41.918521881103516
42.45115661621094
42.45115661621094
42.45115661621094
41.34784698486328
41.34784698486328
41.34784698486328
41.89223861694336
41.89223861694336
41.89223861694336
41.89223861694336
41.42475128173828
41.42475128173828
41.42475128173828
41.997562408447266
41.997562408447266
41.997562408447266
41.2712287902832
41.2712287902832
41.2712287902832
42.61359786987305
42.61359786987305
42.61359786987305
41.83977508544922
41.83977508544922
41.83977508544922
41.83977508544922
41.57941436767578
41.57941436767578
41.57941436767578
42.478145599365234
42.478145599365234
42.478145599365234
41.631229400634766
41.631229400634766
41.631229400634766
41.918521881103516
41.918521881103516
41.918521881103516
42.42420196533203
42.42420196533203
42.42420196533203
42.42420196533203
41.34784698486328
41.34784698486328
41.34784698486328
41.89223861694336
41.89223861694336
41.89223861694336
41.399078369140625
41.399078369140625
41.399078369140625
41.997562408447266
41.997562408447266
41.997562408447266
41.2712287902832
41.2712287902832
41.2712287902832
41.2712287902832
42.5864372253418
42.5864372253418
42.5864372253418
41.81359100341797
41.81359100341797
41.81359100341797
41.60530090332031
41.60530090332031
41.60530090332031
42.39728546142578
42.39728546142578
42.39728546142578
41.683170318603516
41.683170318603516
41.683170318603516
41.683170318603516
41.865989685058594
41.865989685058594
41.865989685058594
42.42420196533203
42.42420196533203
42.42420196533203
41.32227325439453
41.32227325439453
41.32227325439453
41.89223861694336
41.89223861694336
41.89223861694336
41.399078369140625
41.399078369140625
41.399078369140625
41.399078369140625
41.918521881103516
41.918521881103516
41.918521881103516
41.2712287902832
41.2712287902832
41.2712287902832
42.5593147277832
42.5593147277832
42.5593147277832
41.83977508544922
41.83977508544922
41.83977508544922
41.57941436767578
41.57941436767578
41.57941436767578
42.39728546142578
42.39728546142578
42.39728546142578
42.39728546142578
41.65718078613281
41.65718078613281
41.65718078613281
41.865989685058594
41.865989685058594
41.865989685058594
42.42420196533203
42.42420196533203
42.42420196533203
41.29673767089844
41.29673767089844
41.29673767089844
41.918521881103516
41.918521881103516
41.918521881103516
41.918521881103516
41.37344741821289
41.37344741821289
41.37344741821289
41.918521881103516
41.918521881103516
41.918521881103516
41.2712287902832
41.2712287902832
41.2712287902832
42.5593147277832
42.5593147277832
42.5593147277832
41.81359100341797
41.81359100341797
41.81359100341797
41.81359100341797
41.57941436767578
41.57941436767578
41.57941436767578
42.39728546142578
42.39728546142578
42.39728546142578
41.683170318603516
41.683170318603516
41.683170318603516
41.865989685058594
41.865989685058594
41.865989685058594
42.45115661621094
42.45115661621094
42.45115661621094
42.45115661621094
41.34784698486328
41.34784698486328
41.34784698486328
41.918521881103516
41.918521881103516
41.918521881103516
41.37344741821289
41.37344741821289
41.37344741821289
41.9448356628418
41.9448356628418
41.9448356628418
41.29673767089844
41.29673767089844
41.29673767089844
41.29673767089844
42.5864372253418
42.5864372253418
42.5864372253418
41.83977508544922
41.83977508544922
41.83977508544922
41.553558349609375
41.553558349609375
41.553558349609375
42.42420196533203
42.42420196533203
42.42420196533203
41.683170318603516
41.683170318603516
41.683170318603516
41.683170318603516
41.918521881103516
41.918521881103516
41.918521881103516
42.42420196533203
42.42420196533203
42.42420196533203
41.34784698486328
41.34784698486328
41.34784698486328
41.89223861694336
41.89223861694336
41.89223861694336
41.399078369140625
41.399078369140625
41.399078369140625
41.9448356628418
41.9448356628418
41.9448356628418
41.9448356628418
41.2712287902832
41.2712287902832
41.2712287902832
42.5864372253418
42.5864372253418
42.5864372253418
41.83977508544922
41.83977508544922
41.83977508544922
41.57941436767578
41.57941436767578
41.57941436767578
42.39728546142578
42.39728546142578
42.39728546142578
42.39728546142578
41.683170318603516
41.683170318603516
41.683170318603516
41.918521881103516
41.918521881103516
41.918521881103516
42.39728546142578
42.39728546142578
42.39728546142578
41.29673767089844
41.29673767089844
41.29673767089844
41.918521881103516
41.918521881103516
41.918521881103516
41.918521881103516
41.37344741821289
41.37344741821289
41.37344741821289
41.9448356628418
41.9448356628418
41.9448356628418
41.245750427246094
41.245750427246094
41.245750427246094
42.5864372253418
42.5864372253418
42.5864372253418
41.83977508544922
41.83977508544922
41.83977508544922
41.83977508544922
41.57941436767578
41.57941436767578
41.57941436767578
42.370399475097656
42.370399475097656
42.370399475097656
41.683170318603516
41.683170318603516
41.683170318603516
41.89223861694336
41.89223861694336
41.89223861694336
42.42420196533203
42.42420196533203
42.42420196533203
42.42420196533203
41.32227325439453
41.32227325439453
41.32227325439453
41.865989685058594
41.865989685058594
41.865989685058594
41.37344741821289
41.37344741821289
41.37344741821289
41.9448356628418
41.9448356628418
41.9448356628418
41.245750427246094
41.245750427246094
41.245750427246094
41.245750427246094
42.5864372253418
42.5864372253418
42.5864372253418
41.83977508544922
41.83977508544922
41.83977508544922
41.553558349609375
41.553558349609375
41.553558349609375
42.39728546142578
42.39728546142578
42.39728546142578
41.683170318603516
41.683170318603516
41.683170318603516
41.918521881103516
41.918521881103516
41.918521881103516
41.918521881103516
42.45115661621094
42.45115661621094
42.45115661621094
41.29673767089844
41.29673767089844
41.29673767089844
41.9448356628418
41.9448356628418
41.9448356628418
41.399078369140625
41.399078369140625
41.399078369140625
41.9448356628418
41.9448356628418
41.9448356628418
41.9448356628418
41.2712287902832
41.2712287902832
41.2712287902832
42.5864372253418
42.5864372253418
42.5864372253418
41.83977508544922
41.83977508544922
41.83977508544922
41.57941436767578
41.57941436767578
41.57941436767578
42.42420196533203
42.42420196533203
42.42420196533203
42.42420196533203
41.683170318603516
41.683170318603516
41.683170318603516
41.89223861694336
41.89223861694336
41.89223861694336
42.42420196533203
42.42420196533203
42.42420196533203
41.32227325439453
41.32227325439453
41.32227325439453
41.89223861694336
41.89223861694336
41.89223861694336
41.89223861694336
41.399078369140625
41.399078369140625
41.399078369140625
41.918521881103516
41.918521881103516
41.918521881103516
41.245750427246094
41.245750427246094
41.245750427246094
42.5593147277832
42.5593147277832
42.5593147277832
41.865989685058594
41.865989685058594
41.865989685058594
41.865989685058594
41.553558349609375
41.553558349609375
41.553558349609375
42.42420196533203
42.42420196533203
42.42420196533203
41.65718078613281
41.65718078613281
41.65718078613281
41.89223861694336
41.89223861694336
41.89223861694336
42.42420196533203
42.42420196533203
42.42420196533203
41.29673767089844
41.29673767089844
41.29673767089844
41.29673767089844
41.89223861694336
41.89223861694336
41.89223861694336
41.37344741821289
41.37344741821289
41.37344741821289
41.9448356628418
41.9448356628418
41.9448356628418
41.245750427246094
41.245750427246094
41.245750427246094
42.5593147277832
42.5593147277832
42.5593147277832
42.5593147277832
41.81359100341797
41.81359100341797
41.81359100341797
41.57941436767578
41.57941436767578
41.57941436767578
42.370399475097656
42.370399475097656
42.370399475097656
41.683170318603516
41.683170318603516
41.683170318603516
41.865989685058594
41.865989685058594
41.865989685058594
41.865989685058594
42.45115661621094
42.45115661621094
42.45115661621094
41.29673767089844
41.29673767089844
41.29673767089844
41.918521881103516
41.918521881103516
41.918521881103516
41.37344741821289
41.37344741821289
41.37344741821289
41.9711799621582
41.9711799621582
41.9711799621582
41.9711799621582
41.245750427246094
41.245750427246094
41.245750427246094
42.61359786987305
42.61359786987305
42.61359786987305
41.83977508544922
41.83977508544922
41.83977508544922
41.57941436767578
41.57941436767578
41.57941436767578
42.42420196533203
42.42420196533203
42.42420196533203
42.42420196533203
41.70918655395508
41.70918655395508
41.70918655395508
41.918521881103516
41.918521881103516
41.918521881103516
42.42420196533203
42.42420196533203
42.42420196533203
41.34784698486328
41.34784698486328
41.34784698486328
41.9448356628418
41.9448356628418
41.9448356628418
41.9448356628418
41.42475128173828
41.42475128173828
41.42475128173828
41.9711799621582
41.9711799621582
41.9711799621582
41.2712287902832
41.2712287902832
41.2712287902832
42.5864372253418
42.5864372253418
42.5864372253418
41.865989685058594
41.865989685058594
41.865989685058594
41.865989685058594
41.57941436767578
41.57941436767578
41.57941436767578
42.42420196533203
42.42420196533203
42.42420196533203
41.683170318603516
41.683170318603516
41.683170318603516
41.89223861694336
41.89223861694336
41.89223861694336
42.45115661621094
42.45115661621094
42.45115661621094
41.29673767089844
41.29673767089844
41.29673767089844
41.29673767089844
41.9448356628418
41.9448356628418
41.9448356628418
41.37344741821289
41.37344741821289
41.37344741821289
41.9448356628418
41.9448356628418
41.9448356628418
41.2712287902832
41.2712287902832
41.2712287902832
42.5864372253418
42.5864372253418
42.5864372253418
42.5864372253418
41.83977508544922
41.83977508544922
41.83977508544922
41.553558349609375
41.553558349609375
41.553558349609375
42.39728546142578
42.39728546142578
42.39728546142578
41.65718078613281
41.65718078613281
41.65718078613281
41.89223861694336
41.89223861694336
41.89223861694336
41.89223861694336
42.45115661621094
42.45115661621094
42.45115661621094
41.29673767089844
41.29673767089844
41.29673767089844
41.918521881103516
41.918521881103516
41.918521881103516
41.399078369140625
41.399078369140625
41.399078369140625
41.918521881103516
41.918521881103516
41.918521881103516
41.918521881103516
41.245750427246094
41.245750427246094
41.245750427246094
42.5864372253418
42.5864372253418
42.5864372253418
41.81359100341797
41.81359100341797
41.81359100341797
41.57941436767578
41.57941436767578
41.57941436767578
42.370399475097656
42.370399475097656
42.370399475097656
42.370399475097656
41.683170318603516
41.683170318603516
41.683170318603516
41.89223861694336
41.89223861694336
41.89223861694336
42.42420196533203
42.42420196533203
42.42420196533203
41.32227325439453
41.32227325439453
41.32227325439453
41.9448356628418
41.9448356628418
41.9448356628418
41.9448356628418
41.399078369140625
41.399078369140625
41.399078369140625
41.9448356628418
41.9448356628418
41.9448356628418
41.29673767089844
41.29673767089844
41.29673767089844
42.61359786987305
42.61359786987305
42.61359786987305
41.83977508544922
41.83977508544922
41.83977508544922
41.50193786621094
41.50193786621094
41.50193786621094
41.50193786621094
42.5593147277832
42.5593147277832
42.5593147277832
41.683170318603516
41.683170318603516
41.683170318603516
41.918521881103516
41.918521881103516
41.918521881103516
42.42420196533203
42.42420196533203
42.42420196533203
41.34784698486328
41.34784698486328
41.34784698486328
41.34784698486328
41.918521881103516
41.918521881103516
41.918521881103516
41.37344741821289
41.37344741821289
41.37344741821289
41.9711799621582
41.9711799621582
41.9711799621582
41.2712287902832
41.2712287902832
41.2712287902832
42.5593147277832
42.5593147277832
42.5593147277832
42.5593147277832
41.89223861694336
41.89223861694336
41.89223861694336
41.57941436767578
41.57941436767578
41.57941436767578
42.42420196533203
42.42420196533203
42.42420196533203
41.683170318603516
41.683170318603516
41.683170318603516
41.918521881103516
41.918521881103516
41.918521881103516
42.34354782104492
42.34354782104492
42.34354782104492
42.34354782104492
41.45044708251953
41.45044708251953
41.45044708251953
41.9448356628418
41.9448356628418
41.9448356628418
41.45044708251953
41.45044708251953
41.45044708251953
41.9448356628418
41.9448356628418
41.9448356628418
41.9448356628418
41.29673767089844
41.29673767089844
41.29673767089844
42.61359786987305
42.61359786987305
42.61359786987305
41.89223861694336
41.89223861694336
41.89223861694336
41.631229400634766
41.631229400634766
41.631229400634766
42.478145599365234
42.478145599365234
42.478145599365234
41.70918655395508
41.70918655395508
41.70918655395508
41.70918655395508
41.9448356628418
41.9448356628418
41.9448356628418
42.45115661621094
42.45115661621094
42.45115661621094
41.399078369140625
41.399078369140625
41.399078369140625
41.9711799621582
41.9711799621582
41.9711799621582
41.45044708251953
41.45044708251953
41.45044708251953
41.45044708251953
41.997562408447266
41.997562408447266
41.997562408447266
41.29673767089844
41.29673767089844
41.29673767089844
42.64079284667969
42.64079284667969
42.64079284667969
41.89223861694336
41.89223861694336
41.89223861694336
41.60530090332031
41.60530090332031
41.60530090332031
42.42420196533203
42.42420196533203
42.42420196533203
42.42420196533203
41.76132583618164
41.76132583618164
41.76132583618164
41.9448356628418
41.9448356628418
41.9448356628418
42.478145599365234
42.478145599365234
42.478145599365234
41.34784698486328
41.34784698486328
41.34784698486328
41.9448356628418
41.9448356628418
41.9448356628418
41.9448356628418
41.399078369140625
41.399078369140625
41.399078369140625
41.997562408447266
41.997562408447266
41.997562408447266
41.29673767089844
41.29673767089844
41.29673767089844
42.5864372253418
42.5864372253418
42.5864372253418
41.865989685058594
41.865989685058594
41.865989685058594
41.865989685058594
41.57941436767578
41.57941436767578
41.57941436767578
42.42420196533203
42.42420196533203
42.42420196533203
41.683170318603516
41.683170318603516
41.683170318603516
41.89223861694336
41.89223861694336
41.89223861694336
42.45115661621094
42.45115661621094
42.45115661621094
42.45115661621094
41.32227325439453
41.32227325439453
41.32227325439453
41.9448356628418
41.9448356628418
41.9448356628418
41.399078369140625
41.399078369140625
41.399078369140625
41.9711799621582
41.9711799621582
41.9711799621582
41.2712287902832
41.2712287902832
41.2712287902832
41.2712287902832
42.5864372253418
42.5864372253418
42.5864372253418
41.83977508544922
41.83977508544922
41.83977508544922
41.57941436767578
41.57941436767578
41.57941436767578
42.42420196533203
42.42420196533203
42.42420196533203
41.70918655395508
41.70918655395508
41.70918655395508
41.865989685058594
41.865989685058594
41.865989685058594
41.865989685058594
42.45115661621094
42.45115661621094
42.45115661621094
41.34784698486328
41.34784698486328
41.34784698486328
41.918521881103516
41.918521881103516
41.918521881103516
41.37344741821289
41.37344741821289
41.37344741821289
41.89223861694336
41.89223861694336
41.89223861694336
41.89223861694336
41.32227325439453
41.32227325439453
41.32227325439453
42.5864372253418
42.5864372253418
42.5864372253418
41.865989685058594
41.865989685058594
41.865989685058594
41.57941436767578
41.57941436767578
41.57941436767578
42.45115661621094
42.45115661621094
42.45115661621094
42.45115661621094
41.65718078613281
41.65718078613281
41.65718078613281
41.918521881103516
41.918521881103516
41.918521881103516
42.42420196533203
42.42420196533203
42.42420196533203
41.37344741821289
41.37344741821289
41.37344741821289
41.918521881103516
41.918521881103516
41.918521881103516
41.918521881103516
41.399078369140625
41.399078369140625
41.399078369140625
41.9448356628418
41.9448356628418
41.9448356628418
41.29673767089844
41.29673767089844
41.29673767089844
42.5864372253418
42.5864372253418
42.5864372253418
41.83977508544922
41.83977508544922
41.83977508544922
41.83977508544922
41.60530090332031
41.60530090332031
41.60530090332031
42.478145599365234
42.478145599365234
42.478145599365234
41.683170318603516
41.683170318603516
41.683170318603516
41.918521881103516
41.918521881103516
41.918521881103516
42.45115661621094
42.45115661621094
42.45115661621094
41.34784698486328
41.34784698486328
41.34784698486328
41.34784698486328
41.9448356628418
41.9448356628418
41.9448356628418
41.42475128173828
41.42475128173828
41.42475128173828
41.9711799621582
41.9711799621582
41.9711799621582
41.29673767089844
41.29673767089844
41.29673767089844
42.5864372253418
42.5864372253418
42.5864372253418
42.5864372253418
41.865989685058594
41.865989685058594
41.865989685058594
41.57941436767578
41.57941436767578
41.57941436767578
42.45115661621094
42.45115661621094
42.45115661621094
41.683170318603516
41.683170318603516
41.683170318603516
41.9448356628418
41.9448356628418
41.9448356628418
41.9448356628418
42.45115661621094
42.45115661621094
42.45115661621094
41.32227325439453
41.32227325439453
41.32227325439453
41.918521881103516
41.918521881103516
41.918521881103516
41.42475128173828
41.42475128173828
41.42475128173828
41.9711799621582
41.9711799621582
41.9711799621582
41.9711799621582
41.29673767089844
41.29673767089844
41.29673767089844
42.5864372253418
42.5864372253418
42.5864372253418
41.89223861694336
41.89223861694336
41.89223861694336
41.57941436767578
41.57941436767578
41.57941436767578
42.45115661621094
42.45115661621094
42.45115661621094
42.45115661621094
41.683170318603516
41.683170318603516
41.683170318603516
41.9448356628418
41.9448356628418
41.9448356628418
42.478145599365234
42.478145599365234
42.478145599365234
41.34784698486328
41.34784698486328
41.34784698486328
41.918521881103516
41.918521881103516
41.918521881103516
41.42475128173828
41.42475128173828
41.42475128173828
41.42475128173828
41.9711799621582
41.9711799621582
41.9711799621582
41.29673767089844
41.29673767089844
41.29673767089844
42.5864372253418
42.5864372253418
42.5864372253418
41.83977508544922
41.83977508544922
41.83977508544922
41.60530090332031
41.60530090332031
41.60530090332031
41.60530090332031
42.45115661621094
42.45115661621094
42.45115661621094
41.70918655395508
41.70918655395508
41.70918655395508
41.918521881103516
41.918521881103516
41.918521881103516
42.45115661621094
42.45115661621094
42.45115661621094
41.34784698486328
41.34784698486328
41.34784698486328
41.34784698486328
41.9448356628418
41.9448356628418
41.9448356628418
41.42475128173828
41.42475128173828
41.42475128173828
41.997562408447266
41.997562408447266
41.997562408447266
41.2712287902832
41.2712287902832
41.2712287902832
42.64079284667969
42.64079284667969
42.64079284667969
42.64079284667969
41.865989685058594
41.865989685058594
41.865989685058594
41.57941436767578
41.57941436767578
41.57941436767578
42.478145599365234
42.478145599365234
42.478145599365234
41.70918655395508
41.70918655395508
41.70918655395508
41.89223861694336
41.89223861694336
41.89223861694336
42.505165100097656
42.505165100097656
42.505165100097656
42.505165100097656
41.34784698486328
41.34784698486328
41.34784698486328
41.9448356628418
41.9448356628418
41.9448356628418
41.42475128173828
41.42475128173828
41.42475128173828
41.997562408447266
41.997562408447266
41.997562408447266
41.245750427246094
41.245750427246094
41.245750427246094
41.245750427246094
42.66801834106445
42.66801834106445
42.66801834106445
41.89223861694336
41.89223861694336
41.89223861694336
41.60530090332031
41.60530090332031
41.60530090332031
42.478145599365234
42.478145599365234
42.478145599365234
41.70918655395508
41.70918655395508
41.70918655395508
41.70918655395508
41.9448356628418
41.9448356628418
41.9448356628418
42.45115661621094
42.45115661621094
42.45115661621094
41.399078369140625
41.399078369140625
41.399078369140625
41.9448356628418
41.9448356628418
41.9448356628418
41.47617721557617
41.47617721557617
41.47617721557617
41.47617721557617
41.997562408447266
41.997562408447266
41.997562408447266
41.29673767089844
41.29673767089844
41.29673767089844
42.64079284667969
42.64079284667969
42.64079284667969
41.89223861694336
41.89223861694336
41.89223861694336
41.631229400634766
41.631229400634766
41.631229400634766
42.42420196533203
42.42420196533203
42.42420196533203
42.42420196533203
41.7352409362793
41.7352409362793
41.7352409362793
41.918521881103516
41.918521881103516
41.918521881103516
42.45115661621094
42.45115661621094
42.45115661621094
41.32227325439453
41.32227325439453
41.32227325439453
41.9448356628418
41.9448356628418
41.9448356628418
41.9448356628418
41.399078369140625
41.399078369140625
41.399078369140625
41.997562408447266
41.997562408447266
41.997562408447266
41.29673767089844
41.29673767089844
41.29673767089844
42.64079284667969
42.64079284667969
42.64079284667969
41.865989685058594
41.865989685058594
41.865989685058594
41.865989685058594
41.60530090332031
41.60530090332031
41.60530090332031
42.478145599365234
42.478145599365234
42.478145599365234
41.683170318603516
41.683170318603516
41.683170318603516
41.918521881103516
41.918521881103516
41.918521881103516
42.478145599365234
42.478145599365234
42.478145599365234
42.478145599365234
41.34784698486328
41.34784698486328
41.34784698486328
41.918521881103516
41.918521881103516
41.918521881103516
41.42475128173828
41.42475128173828
41.42475128173828
41.997562408447266
41.997562408447266
41.997562408447266
41.29673767089844
41.29673767089844
41.29673767089844
42.61359786987305
42.61359786987305
42.61359786987305
42.61359786987305
41.865989685058594
41.865989685058594
41.865989685058594
41.631229400634766
41.631229400634766
41.631229400634766
42.478145599365234
42.478145599365234
42.478145599365234
41.70918655395508
41.70918655395508
41.70918655395508
41.89223861694336
41.89223861694336
41.89223861694336
41.89223861694336
42.478145599365234
42.478145599365234
42.478145599365234
41.34784698486328
41.34784698486328
41.34784698486328
41.918521881103516
41.918521881103516
41.918521881103516
41.399078369140625
41.399078369140625
41.399078369140625
41.997562408447266
41.997562408447266
41.997562408447266
41.997562408447266
41.29673767089844
41.29673767089844
41.29673767089844
42.61359786987305
42.61359786987305
42.61359786987305
41.89223861694336
41.89223861694336
41.89223861694336
41.631229400634766
41.631229400634766
41.631229400634766
42.478145599365234
42.478145599365234
42.478145599365234
42.478145599365234
41.70918655395508
41.70918655395508
41.70918655395508
41.9448356628418
41.9448356628418
41.9448356628418
42.478145599365234
42.478145599365234
42.478145599365234
41.37344741821289
41.37344741821289
41.37344741821289
41.9448356628418
41.9448356628418
41.9448356628418
41.42475128173828
41.42475128173828
41.42475128173828
41.42475128173828
42.02397918701172
42.02397918701172
42.02397918701172
41.29673767089844
41.29673767089844
41.29673767089844
42.64079284667969
42.64079284667969
42.64079284667969
41.918521881103516
41.918521881103516
41.918521881103516
41.631229400634766
41.631229400634766
41.631229400634766
41.631229400634766
42.45115661621094
42.45115661621094
42.45115661621094
41.7352409362793
41.7352409362793
41.7352409362793
41.9711799621582
41.9711799621582
41.9711799621582
42.478145599365234
42.478145599365234
42.478145599365234
41.399078369140625
41.399078369140625
41.399078369140625
41.399078369140625
41.9711799621582
41.9711799621582
41.9711799621582
41.45044708251953
41.45044708251953
41.45044708251953
42.02397918701172
42.02397918701172
42.02397918701172
41.32227325439453
41.32227325439453
41.32227325439453
42.64079284667969
42.64079284667969
42.64079284667969
41.918521881103516
41.918521881103516
41.918521881103516
41.918521881103516
41.65718078613281
41.65718078613281
41.65718078613281
42.478145599365234
42.478145599365234
42.478145599365234
41.7352409362793
41.7352409362793
41.7352409362793
41.9448356628418
41.9448356628418
41.9448356628418
42.505165100097656
42.505165100097656
42.505165100097656
42.505165100097656
41.34784698486328
41.34784698486328
41.34784698486328
41.9711799621582
41.9711799621582
41.9711799621582
41.399078369140625
41.399078369140625
41.399078369140625
42.02397918701172
42.02397918701172
42.02397918701172
41.2712287902832
41.2712287902832
41.2712287902832
41.2712287902832
42.64079284667969
42.64079284667969
42.64079284667969
41.89223861694336
41.89223861694336
41.89223861694336
41.631229400634766
41.631229400634766
41.631229400634766
42.42420196533203
42.42420196533203
42.42420196533203
41.7352409362793
41.7352409362793
41.7352409362793
41.7352409362793
41.918521881103516
41.918521881103516
41.918521881103516
42.45115661621094
42.45115661621094
42.45115661621094
41.37344741821289
41.37344741821289
41.37344741821289
41.9448356628418
41.9448356628418
41.9448356628418
41.42475128173828
41.42475128173828
41.42475128173828
41.997562408447266
41.997562408447266
41.997562408447266
41.997562408447266
41.2712287902832
41.2712287902832
41.2712287902832
42.64079284667969
42.64079284667969
42.64079284667969
41.865989685058594
41.865989685058594
41.865989685058594
41.631229400634766
41.631229400634766
41.631229400634766
42.505165100097656
42.505165100097656
42.505165100097656
42.505165100097656
41.70918655395508
41.70918655395508
41.70918655395508
41.9448356628418
41.9448356628418
41.9448356628418
42.505165100097656
42.505165100097656
42.505165100097656
41.37344741821289
41.37344741821289
41.37344741821289
41.997562408447266
41.997562408447266
41.997562408447266
41.997562408447266
41.45044708251953
41.45044708251953
41.45044708251953
41.997562408447266
41.997562408447266
41.997562408447266
41.29673767089844
41.29673767089844
41.29673767089844
42.66801834106445
42.66801834106445
42.66801834106445
41.89223861694336
41.89223861694336
41.89223861694336
41.89223861694336
41.631229400634766
41.631229400634766
41.631229400634766
42.478145599365234
42.478145599365234
42.478145599365234
41.7352409362793
41.7352409362793
41.7352409362793
41.9711799621582
41.9711799621582
41.9711799621582
42.505165100097656
42.505165100097656
42.505165100097656
41.399078369140625
41.399078369140625
41.399078369140625
41.399078369140625
42.02397918701172
42.02397918701172
42.02397918701172
41.45044708251953
41.45044708251953
41.45044708251953
42.05042266845703
42.05042266845703
42.05042266845703
41.34784698486328
41.34784698486328
41.34784698486328
42.66801834106445
42.66801834106445
42.66801834106445
42.66801834106445
41.9448356628418
41.9448356628418
41.9448356628418
41.65718078613281
41.65718078613281
41.65718078613281
42.505165100097656
42.505165100097656
42.505165100097656
41.76132583618164
41.76132583618164
41.76132583618164
41.9711799621582
41.9711799621582
41.9711799621582
42.532222747802734
42.532222747802734
42.532222747802734
42.532222747802734
41.399078369140625
41.399078369140625
41.399078369140625
41.997562408447266
41.997562408447266
41.997562408447266
41.47617721557617
41.47617721557617
41.47617721557617
42.02397918701172
42.02397918701172
42.02397918701172
41.32227325439453
41.32227325439453
41.32227325439453
41.32227325439453
42.69528579711914
42.69528579711914
42.69528579711914
41.89223861694336
41.89223861694336
41.89223861694336
41.631229400634766
41.631229400634766
41.631229400634766
42.505165100097656
42.505165100097656
42.505165100097656
41.7352409362793
41.7352409362793
41.7352409362793
41.7352409362793
41.9711799621582
41.9711799621582
41.9711799621582
42.478145599365234
42.478145599365234
42.478145599365234
41.399078369140625
41.399078369140625
41.399078369140625
41.997562408447266
41.997562408447266
41.997562408447266
41.47617721557617
41.47617721557617
41.47617721557617
41.47617721557617
41.997562408447266
41.997562408447266
41.997562408447266
41.37344741821289
41.37344741821289
41.37344741821289
42.66801834106445
42.66801834106445
42.66801834106445
41.89223861694336
41.89223861694336
41.89223861694336
41.683170318603516
41.683170318603516
41.683170318603516
42.478145599365234
42.478145599365234
42.478145599365234
42.478145599365234
41.7352409362793
41.7352409362793
41.7352409362793
41.9711799621582
41.9711799621582
41.9711799621582
42.478145599365234
42.478145599365234
42.478145599365234
41.37344741821289
41.37344741821289
41.37344741821289
41.9711799621582
41.9711799621582
41.9711799621582
41.9711799621582
41.47617721557617
41.47617721557617
41.47617721557617
41.9711799621582
41.9711799621582
41.9711799621582
41.32227325439453
41.32227325439453
41.32227325439453
42.61359786987305
42.61359786987305
42.61359786987305
41.89223861694336
41.89223861694336
41.89223861694336
41.89223861694336
41.631229400634766
41.631229400634766
41.631229400634766
42.45115661621094
42.45115661621094
42.45115661621094
41.7352409362793
41.7352409362793
41.7352409362793
41.918521881103516
41.918521881103516
41.918521881103516
42.478145599365234
42.478145599365234
42.478145599365234
41.37344741821289
41.37344741821289
41.37344741821289
41.37344741821289
41.9711799621582
41.9711799621582
41.9711799621582
41.45044708251953
41.45044708251953
41.45044708251953
42.02397918701172
42.02397918701172
42.02397918701172
41.29673767089844
41.29673767089844
41.29673767089844
42.64079284667969
42.64079284667969
42.64079284667969
42.64079284667969
41.89223861694336
41.89223861694336
41.89223861694336
41.60530090332031
41.60530090332031
41.60530090332031
42.478145599365234
42.478145599365234
42.478145599365234
41.7352409362793
41.7352409362793
41.7352409362793
41.918521881103516
41.918521881103516
41.918521881103516
42.45115661621094
42.45115661621094
42.45115661621094
42.45115661621094
41.42475128173828
41.42475128173828
41.42475128173828
41.89223861694336
41.89223861694336
41.89223861694336
41.47617721557617
41.47617721557617
41.47617721557617
41.997562408447266
41.997562408447266
41.997562408447266
41.997562408447266
41.32227325439453
41.32227325439453
41.32227325439453
42.61359786987305
42.61359786987305
42.61359786987305
41.918521881103516
41.918521881103516
41.918521881103516
41.631229400634766
41.631229400634766
41.631229400634766
42.505165100097656
42.505165100097656
42.505165100097656
41.70918655395508
41.70918655395508
41.70918655395508
41.70918655395508
41.9448356628418
41.9448356628418
41.9448356628418
42.478145599365234
42.478145599365234
42.478145599365234
41.34784698486328
41.34784698486328
41.34784698486328
41.9711799621582
41.9711799621582
41.9711799621582
41.45044708251953
41.45044708251953
41.45044708251953
41.45044708251953
42.02397918701172
42.02397918701172
42.02397918701172
41.29673767089844
41.29673767089844
41.29673767089844
42.64079284667969
42.64079284667969
42.64079284667969
41.89223861694336
41.89223861694336
41.89223861694336
41.631229400634766
41.631229400634766
41.631229400634766
42.42420196533203
42.42420196533203
42.42420196533203
42.42420196533203
41.76132583618164
41.76132583618164
41.76132583618164
41.9448356628418
41.9448356628418
41.9448356628418
42.45115661621094
42.45115661621094
42.45115661621094
41.37344741821289
41.37344741821289
41.37344741821289
41.9711799621582
41.9711799621582
41.9711799621582
41.9711799621582
41.42475128173828
41.42475128173828
41.42475128173828
42.02397918701172
42.02397918701172
42.02397918701172
41.32227325439453
41.32227325439453
41.32227325439453
42.64079284667969
42.64079284667969
42.64079284667969
41.918521881103516
41.918521881103516
41.918521881103516
41.918521881103516
41.65718078613281
41.65718078613281
41.65718078613281
42.478145599365234
42.478145599365234
42.478145599365234
41.70918655395508
41.70918655395508
41.70918655395508
41.9711799621582
41.9711799621582
41.9711799621582
42.505165100097656
42.505165100097656
42.505165100097656
42.505165100097656
41.399078369140625
41.399078369140625
41.399078369140625
41.9711799621582
41.9711799621582
41.9711799621582
41.47617721557617
41.47617721557617
41.47617721557617
41.997562408447266
41.997562408447266
41.997562408447266
41.32227325439453
41.32227325439453
41.32227325439453
42.61359786987305
42.61359786987305
42.61359786987305
42.61359786987305
41.9711799621582
41.9711799621582
41.9711799621582
41.683170318603516
41.683170318603516
41.683170318603516
42.478145599365234
42.478145599365234
42.478145599365234
41.76132583618164
41.76132583618164
41.76132583618164
41.9448356628418
41.9448356628418
41.9448356628418
41.9448356628418
42.532222747802734
42.532222747802734
42.532222747802734
41.34784698486328
41.34784698486328
41.34784698486328
41.997562408447266
41.997562408447266
41.997562408447266
41.45044708251953
41.45044708251953
41.45044708251953
42.02397918701172
42.02397918701172
42.02397918701172
42.02397918701172
41.34784698486328
41.34784698486328
41.34784698486328
42.64079284667969
42.64079284667969
42.64079284667969
41.918521881103516
41.918521881103516
41.918521881103516
41.631229400634766
41.631229400634766
41.631229400634766
42.478145599365234
42.478145599365234
42.478145599365234
41.78744125366211
41.78744125366211
41.78744125366211
41.78744125366211
41.9448356628418
41.9448356628418
41.9448356628418
42.505165100097656
42.505165100097656
42.505165100097656
41.37344741821289
41.37344741821289
41.37344741821289
41.9711799621582
41.9711799621582
41.9711799621582
41.45044708251953
41.45044708251953
41.45044708251953
41.45044708251953
42.05042266845703
42.05042266845703
42.05042266845703
41.29673767089844
41.29673767089844
41.29673767089844
42.66801834106445
42.66801834106445
42.66801834106445
41.9448356628418
41.9448356628418
41.9448356628418
41.65718078613281
41.65718078613281
41.65718078613281
41.65718078613281
42.505165100097656
42.505165100097656
42.505165100097656
41.76132583618164
41.76132583618164
41.76132583618164
41.997562408447266
41.997562408447266
41.997562408447266
42.505165100097656
42.505165100097656
42.505165100097656
41.399078369140625
41.399078369140625
41.399078369140625
41.997562408447266
41.997562408447266
41.997562408447266
41.997562408447266
41.47617721557617
41.47617721557617
41.47617721557617
42.05042266845703
42.05042266845703
42.05042266845703
41.34784698486328
41.34784698486328
41.34784698486328
42.66801834106445
42.66801834106445
42.66801834106445
41.9448356628418
41.9448356628418
41.9448356628418
41.9448356628418
41.65718078613281
41.65718078613281
41.65718078613281
42.505165100097656
42.505165100097656
42.505165100097656
41.78744125366211
41.78744125366211
41.78744125366211
41.9711799621582
41.9711799621582
41.9711799621582
42.5593147277832
42.5593147277832
42.5593147277832
42.5593147277832
41.399078369140625
41.399078369140625
41.399078369140625
42.02397918701172
42.02397918701172
42.02397918701172
41.45044708251953
41.45044708251953
41.45044708251953
42.05042266845703
42.05042266845703
42.05042266845703
41.34784698486328
41.34784698486328
41.34784698486328
42.69528579711914
42.69528579711914
42.69528579711914
42.69528579711914
41.9448356628418
41.9448356628418
41.9448356628418
41.65718078613281
41.65718078613281
41.65718078613281
42.532222747802734
42.532222747802734
42.532222747802734
41.78744125366211
41.78744125366211
41.78744125366211
41.997562408447266
41.997562408447266
41.997562408447266
41.997562408447266
42.5593147277832
42.5593147277832
42.5593147277832
41.45044708251953
41.45044708251953
41.45044708251953
42.05042266845703
42.05042266845703
42.05042266845703
41.52772903442383
41.52772903442383
41.52772903442383
42.076900482177734
42.076900482177734
42.076900482177734
42.076900482177734
41.399078369140625
41.399078369140625
41.399078369140625
42.69528579711914
42.69528579711914
42.69528579711914
41.997562408447266
41.997562408447266
41.997562408447266
41.70918655395508
41.70918655395508
41.70918655395508
42.5593147277832
42.5593147277832
42.5593147277832
41.78744125366211
41.78744125366211
41.78744125366211
41.78744125366211
42.05042266845703
42.05042266845703
42.05042266845703
42.5864372253418
42.5864372253418
42.5864372253418
41.45044708251953
41.45044708251953
41.45044708251953
42.05042266845703
42.05042266845703
42.05042266845703
41.553558349609375
41.553558349609375
41.553558349609375
42.076900482177734
42.076900482177734
42.076900482177734
42.076900482177734
41.399078369140625
41.399078369140625
41.399078369140625
42.74991989135742
42.74991989135742
42.74991989135742
41.997562408447266
41.997562408447266
41.997562408447266
41.70918655395508
41.70918655395508
41.70918655395508
42.5864372253418
42.5864372253418
42.5864372253418
42.5864372253418
41.83977508544922
41.83977508544922
41.83977508544922
42.05042266845703
42.05042266845703
42.05042266845703
42.5864372253418
42.5864372253418
42.5864372253418
41.47617721557617
41.47617721557617
41.47617721557617
42.076900482177734
42.076900482177734
42.076900482177734
42.076900482177734
41.52772903442383
41.52772903442383
41.52772903442383
42.103416442871094
42.103416442871094
42.103416442871094
41.399078369140625
41.399078369140625
41.399078369140625
42.72258377075195
42.72258377075195
42.72258377075195
41.9711799621582
41.9711799621582
41.9711799621582
41.70918655395508
41.70918655395508
41.70918655395508
41.70918655395508
42.532222747802734
42.532222747802734
42.532222747802734
41.78744125366211
41.78744125366211
41.78744125366211
42.05042266845703
42.05042266845703
42.05042266845703
42.532222747802734
42.532222747802734
42.532222747802734
41.45044708251953
41.45044708251953
41.45044708251953
41.997562408447266
41.997562408447266
41.997562408447266
41.997562408447266
41.52772903442383
41.52772903442383
41.52772903442383
42.05042266845703
42.05042266845703
42.05042266845703
41.37344741821289
41.37344741821289
41.37344741821289
42.69528579711914
42.69528579711914
42.69528579711914
41.9448356628418
41.9448356628418
41.9448356628418
41.9448356628418
41.70918655395508
41.70918655395508
41.70918655395508
42.532222747802734
42.532222747802734
42.532222747802734
41.78744125366211
41.78744125366211
41.78744125366211
42.02397918701172
42.02397918701172
42.02397918701172
42.5864372253418
42.5864372253418
42.5864372253418
42.5864372253418
41.42475128173828
41.42475128173828
41.42475128173828
42.05042266845703
42.05042266845703
42.05042266845703
41.50193786621094
41.50193786621094
41.50193786621094
42.103416442871094
42.103416442871094
42.103416442871094
41.399078369140625
41.399078369140625
41.399078369140625
42.72258377075195
42.72258377075195
42.72258377075195
42.72258377075195
41.9711799621582
41.9711799621582
41.9711799621582
41.70918655395508
41.70918655395508
41.70918655395508
42.532222747802734
42.532222747802734
42.532222747802734
41.81359100341797
41.81359100341797
41.81359100341797
42.02397918701172
42.02397918701172
42.02397918701172
42.5593147277832
42.5593147277832
42.5593147277832
42.5593147277832
41.45044708251953
41.45044708251953
41.45044708251953
42.05042266845703
42.05042266845703
42.05042266845703
41.553558349609375
41.553558349609375
41.553558349609375
42.076900482177734
42.076900482177734
42.076900482177734
42.076900482177734
41.399078369140625
41.399078369140625
41.399078369140625
42.72258377075195
42.72258377075195
42.72258377075195
41.997562408447266
41.997562408447266
41.997562408447266
41.7352409362793
41.7352409362793
41.7352409362793
42.532222747802734
42.532222747802734
42.532222747802734
41.83977508544922
41.83977508544922
41.83977508544922
41.83977508544922
42.02397918701172
42.02397918701172
42.02397918701172
42.5864372253418
42.5864372253418
42.5864372253418
41.47617721557617
41.47617721557617
41.47617721557617
42.02397918701172
42.02397918701172
42.02397918701172
41.50193786621094
41.50193786621094
41.50193786621094
42.02397918701172
42.02397918701172
42.02397918701172
42.02397918701172
41.42475128173828
41.42475128173828
41.42475128173828
42.72258377075195
42.72258377075195
42.72258377075195
41.9448356628418
41.9448356628418
41.9448356628418
41.683170318603516
41.683170318603516
41.683170318603516
42.532222747802734
42.532222747802734
42.532222747802734
42.532222747802734
41.78744125366211
41.78744125366211
41.78744125366211
41.997562408447266
41.997562408447266
41.997562408447266
42.532222747802734
42.532222747802734
42.532222747802734
41.47617721557617
41.47617721557617
41.47617721557617
41.9711799621582
41.9711799621582
41.9711799621582
41.9711799621582
41.52772903442383
41.52772903442383
41.52772903442383
42.076900482177734
42.076900482177734
42.076900482177734
41.37344741821289
41.37344741821289
41.37344741821289
42.69528579711914
42.69528579711914
42.69528579711914
41.9711799621582
41.9711799621582
41.9711799621582
41.70918655395508
41.70918655395508
41.70918655395508
41.70918655395508
42.532222747802734
42.532222747802734
42.532222747802734
41.81359100341797
41.81359100341797
41.81359100341797
41.997562408447266
41.997562408447266
41.997562408447266
42.5864372253418
42.5864372253418
42.5864372253418
41.42475128173828
41.42475128173828
41.42475128173828
42.076900482177734
42.076900482177734
42.076900482177734
42.076900482177734
41.553558349609375
41.553558349609375
41.553558349609375
42.076900482177734
42.076900482177734
42.076900482177734
41.42475128173828
41.42475128173828
41.42475128173828
42.69528579711914
42.69528579711914
42.69528579711914
41.997562408447266
41.997562408447266
41.997562408447266
41.997562408447266
41.70918655395508
41.70918655395508
41.70918655395508
42.532222747802734
42.532222747802734
42.532222747802734
41.83977508544922
41.83977508544922
41.83977508544922
42.02397918701172
42.02397918701172
42.02397918701172
42.5593147277832
42.5593147277832
42.5593147277832
42.5593147277832
41.50193786621094
41.50193786621094
41.50193786621094
42.05042266845703
42.05042266845703
42.05042266845703
41.553558349609375
41.553558349609375
41.553558349609375
42.103416442871094
42.103416442871094
42.103416442871094
41.399078369140625
41.399078369140625
41.399078369140625
42.74991989135742
42.74991989135742
42.74991989135742
42.74991989135742
41.997562408447266
41.997562408447266
41.997562408447266
41.7352409362793
41.7352409362793
41.7352409362793
42.5593147277832
42.5593147277832
42.5593147277832
41.81359100341797
41.81359100341797
41.81359100341797
42.02397918701172
42.02397918701172
42.02397918701172
42.5864372253418
42.5864372253418
42.5864372253418
42.5864372253418
41.45044708251953
41.45044708251953
41.45044708251953
42.05042266845703
42.05042266845703
42.05042266845703
41.47617721557617
41.47617721557617
41.47617721557617
42.103416442871094
42.103416442871094
42.103416442871094
41.399078369140625
41.399078369140625
41.399078369140625
41.399078369140625
42.72258377075195
42.72258377075195
42.72258377075195
41.9711799621582
41.9711799621582
41.9711799621582
41.70918655395508
41.70918655395508
41.70918655395508
42.532222747802734
42.532222747802734
42.532222747802734
41.81359100341797
41.81359100341797
41.81359100341797
41.81359100341797
41.997562408447266
41.997562408447266
41.997562408447266
42.532222747802734
42.532222747802734
42.532222747802734
41.45044708251953
41.45044708251953
41.45044708251953
42.02397918701172
42.02397918701172
42.02397918701172
41.50193786621094
41.50193786621094
41.50193786621094
41.9711799621582
41.9711799621582
41.9711799621582
41.9711799621582
41.50193786621094
41.50193786621094
41.50193786621094
42.66801834106445
42.66801834106445
42.66801834106445
41.9711799621582
41.9711799621582
41.9711799621582
41.70918655395508
41.70918655395508
41.70918655395508
42.505165100097656
42.505165100097656
42.505165100097656
42.505165100097656
41.81359100341797
41.81359100341797
41.81359100341797
41.997562408447266
41.997562408447266
41.997562408447266
42.5593147277832
42.5593147277832
42.5593147277832
41.47617721557617
41.47617721557617
41.47617721557617
41.997562408447266
41.997562408447266
41.997562408447266
41.997562408447266
41.50193786621094
41.50193786621094
41.50193786621094
42.05042266845703
42.05042266845703
42.05042266845703
41.42475128173828
41.42475128173828
41.42475128173828
42.69528579711914
42.69528579711914
42.69528579711914
41.9711799621582
41.9711799621582
41.9711799621582
41.683170318603516
41.683170318603516
41.683170318603516
41.683170318603516
42.5593147277832
42.5593147277832
42.5593147277832
41.78744125366211
41.78744125366211
41.78744125366211
41.997562408447266
41.997562408447266
41.997562408447266
42.5864372253418
42.5864372253418
42.5864372253418
41.42475128173828
41.42475128173828
41.42475128173828
42.02397918701172
42.02397918701172
42.02397918701172
42.02397918701172
41.52772903442383
41.52772903442383
41.52772903442383
42.076900482177734
42.076900482177734
42.076900482177734
41.399078369140625
41.399078369140625
41.399078369140625
42.69528579711914
42.69528579711914
42.69528579711914
41.9711799621582
41.9711799621582
41.9711799621582
41.9711799621582
41.683170318603516
41.683170318603516
41.683170318603516
42.5593147277832
42.5593147277832
42.5593147277832
41.78744125366211
41.78744125366211
41.78744125366211
42.02397918701172
42.02397918701172
42.02397918701172
42.5593147277832
42.5593147277832
42.5593147277832
42.5593147277832
41.42475128173828
41.42475128173828
41.42475128173828
42.05042266845703
42.05042266845703
42.05042266845703
41.52772903442383
41.52772903442383
41.52772903442383
42.076900482177734
42.076900482177734
42.076900482177734
41.37344741821289
41.37344741821289
41.37344741821289
42.72258377075195
42.72258377075195
42.72258377075195
42.72258377075195
41.9711799621582
41.9711799621582
41.9711799621582
41.70918655395508
41.70918655395508
41.70918655395508
42.5593147277832
42.5593147277832
42.5593147277832
41.78744125366211
41.78744125366211
41.78744125366211
42.02397918701172
42.02397918701172
42.02397918701172
42.5593147277832
42.5593147277832
42.5593147277832
42.5593147277832
41.45044708251953
41.45044708251953
41.45044708251953
42.05042266845703
42.05042266845703
42.05042266845703
41.52772903442383
41.52772903442383
41.52772903442383
42.103416442871094
42.103416442871094
42.103416442871094
42.103416442871094
41.42475128173828
41.42475128173828
41.42475128173828
42.69528579711914
42.69528579711914
42.69528579711914
41.997562408447266
41.997562408447266
41.997562408447266
41.7352409362793
41.7352409362793
41.7352409362793
42.532222747802734
42.532222747802734
42.532222747802734
41.81359100341797
41.81359100341797
41.81359100341797
41.81359100341797
42.02397918701172
42.02397918701172
42.02397918701172
42.5864372253418
42.5864372253418
42.5864372253418
41.45044708251953
41.45044708251953
41.45044708251953
42.05042266845703
42.05042266845703
42.05042266845703
41.52772903442383
41.52772903442383
41.52772903442383
42.103416442871094
42.103416442871094
42.103416442871094
42.103416442871094
41.399078369140625
41.399078369140625
41.399078369140625
42.72258377075195
42.72258377075195
42.72258377075195
41.9711799621582
41.9711799621582
41.9711799621582
41.70918655395508
41.70918655395508
41.70918655395508
42.5864372253418
42.5864372253418
42.5864372253418
42.5864372253418
41.78744125366211
41.78744125366211
41.78744125366211
42.05042266845703
42.05042266845703
42.05042266845703
42.5593147277832
42.5593147277832
42.5593147277832
41.45044708251953
41.45044708251953
41.45044708251953
42.05042266845703
42.05042266845703
42.05042266845703
42.05042266845703
41.50193786621094
41.50193786621094
41.50193786621094
42.076900482177734
42.076900482177734
42.076900482177734
41.37344741821289
41.37344741821289
41.37344741821289
42.69528579711914
42.69528579711914
42.69528579711914
41.9448356628418
41.9448356628418
41.9448356628418
41.70918655395508
41.70918655395508
41.70918655395508
41.70918655395508
42.532222747802734
42.532222747802734
42.532222747802734
41.78744125366211
41.78744125366211
41.78744125366211
41.997562408447266
41.997562408447266
41.997562408447266
42.5593147277832
42.5593147277832
42.5593147277832
41.399078369140625
41.399078369140625
41.399078369140625
41.997562408447266
41.997562408447266
41.997562408447266
41.997562408447266
41.47617721557617
41.47617721557617
41.47617721557617
42.076900482177734
42.076900482177734
42.076900482177734
41.34784698486328
41.34784698486328
41.34784698486328
42.69528579711914
42.69528579711914
42.69528579711914
41.9711799621582
41.9711799621582
41.9711799621582
41.9711799621582
41.683170318603516
41.683170318603516
41.683170318603516
42.532222747802734
42.532222747802734
42.532222747802734
41.76132583618164
41.76132583618164
41.76132583618164
42.05042266845703
42.05042266845703
42.05042266845703
42.505165100097656
42.505165100097656
42.505165100097656
42.505165100097656
41.42475128173828
41.42475128173828
41.42475128173828
42.05042266845703
42.05042266845703
42.05042266845703
41.50193786621094
41.50193786621094
41.50193786621094
42.103416442871094
42.103416442871094
42.103416442871094
41.399078369140625
41.399078369140625
41.399078369140625
42.69528579711914
42.69528579711914
42.69528579711914
42.69528579711914
41.9711799621582
41.9711799621582
41.9711799621582
41.70918655395508
41.70918655395508
41.70918655395508
42.5593147277832
42.5593147277832
42.5593147277832
41.78744125366211
41.78744125366211
41.78744125366211
41.997562408447266
41.997562408447266
41.997562408447266
41.997562408447266
42.5864372253418
42.5864372253418
42.5864372253418
41.45044708251953
41.45044708251953
41.45044708251953
42.05042266845703
42.05042266845703
42.05042266845703
41.52772903442383
41.52772903442383
41.52772903442383
42.076900482177734
42.076900482177734
42.076900482177734
42.076900482177734
41.399078369140625
41.399078369140625
41.399078369140625
42.72258377075195
42.72258377075195
42.72258377075195
41.9711799621582
41.9711799621582
41.9711799621582
41.7352409362793
41.7352409362793
41.7352409362793
42.5593147277832
42.5593147277832
42.5593147277832
41.81359100341797
41.81359100341797
41.81359100341797
41.81359100341797
41.997562408447266
41.997562408447266
41.997562408447266
42.61359786987305
42.61359786987305
42.61359786987305
41.45044708251953
41.45044708251953
41.45044708251953
42.02397918701172
42.02397918701172
42.02397918701172
41.50193786621094
41.50193786621094
41.50193786621094
41.50193786621094
42.103416442871094
42.103416442871094
42.103416442871094
41.399078369140625
41.399078369140625
41.399078369140625
42.72258377075195
42.72258377075195
42.72258377075195
41.9711799621582
41.9711799621582
41.9711799621582
41.70918655395508
41.70918655395508
41.70918655395508
42.5593147277832
42.5593147277832
42.5593147277832
42.5593147277832
41.83977508544922
41.83977508544922
41.83977508544922
42.02397918701172
42.02397918701172
42.02397918701172
42.61359786987305
42.61359786987305
42.61359786987305
41.45044708251953
41.45044708251953
41.45044708251953
42.05042266845703
42.05042266845703
42.05042266845703
42.05042266845703
41.553558349609375
41.553558349609375
41.553558349609375
42.12996292114258
42.12996292114258
42.12996292114258
41.399078369140625
41.399078369140625
41.399078369140625
42.74991989135742
42.74991989135742
42.74991989135742
42.02397918701172
42.02397918701172
42.02397918701172
41.7352409362793
41.7352409362793
41.7352409362793
41.7352409362793
42.5864372253418
42.5864372253418
42.5864372253418
41.865989685058594
41.865989685058594
41.865989685058594
42.05042266845703
42.05042266845703
42.05042266845703
42.61359786987305
42.61359786987305
42.61359786987305
41.47617721557617
41.47617721557617
41.47617721557617
42.076900482177734
42.076900482177734
42.076900482177734
42.076900482177734
41.57941436767578
41.57941436767578
41.57941436767578
42.103416442871094
42.103416442871094
42.103416442871094
41.399078369140625
41.399078369140625
41.399078369140625
42.74991989135742
42.74991989135742
42.74991989135742
41.997562408447266
41.997562408447266
41.997562408447266
41.997562408447266
41.7352409362793
41.7352409362793
41.7352409362793
42.5593147277832
42.5593147277832
42.5593147277832
41.81359100341797
41.81359100341797
41.81359100341797
42.02397918701172
42.02397918701172
42.02397918701172
42.5864372253418
42.5864372253418
42.5864372253418
41.32227325439453
41.32227325439453
41.32227325439453
41.32227325439453
42.12996292114258
42.12996292114258
42.12996292114258
41.47617721557617
41.47617721557617
41.47617721557617
42.076900482177734
42.076900482177734
42.076900482177734
41.37344741821289
41.37344741821289
41.37344741821289
42.69528579711914
42.69528579711914
42.69528579711914
42.69528579711914
41.9448356628418
41.9448356628418
41.9448356628418
41.683170318603516
41.683170318603516
41.683170318603516
42.532222747802734
42.532222747802734
42.532222747802734
41.76132583618164
41.76132583618164
41.76132583618164
41.997562408447266
41.997562408447266
41.997562408447266
42.532222747802734
42.532222747802734
42.532222747802734
42.532222747802734
41.42475128173828
41.42475128173828
41.42475128173828
41.997562408447266
41.997562408447266
41.997562408447266
41.47617721557617
41.47617721557617
41.47617721557617
42.05042266845703
42.05042266845703
42.05042266845703
42.05042266845703
41.37344741821289
41.37344741821289
41.37344741821289
42.66801834106445
42.66801834106445
42.66801834106445
41.9448356628418
41.9448356628418
41.9448356628418
41.70918655395508
41.70918655395508
41.70918655395508
42.5593147277832
42.5593147277832
42.5593147277832
41.76132583618164
41.76132583618164
41.76132583618164
41.76132583618164
42.05042266845703
42.05042266845703
42.05042266845703
42.5864372253418
42.5864372253418
42.5864372253418
41.42475128173828
41.42475128173828
41.42475128173828
42.05042266845703
42.05042266845703
42.05042266845703
41.52772903442383
41.52772903442383
41.52772903442383
42.103416442871094
42.103416442871094
42.103416442871094
42.103416442871094
41.399078369140625
41.399078369140625
41.399078369140625
42.72258377075195
42.72258377075195
42.72258377075195
42.02397918701172
42.02397918701172
42.02397918701172
41.70918655395508
41.70918655395508
41.70918655395508
42.5864372253418
42.5864372253418
42.5864372253418
42.5864372253418
41.81359100341797
41.81359100341797
41.81359100341797
42.076900482177734
42.076900482177734
42.076900482177734
42.5864372253418
42.5864372253418
42.5864372253418
41.47617721557617
41.47617721557617
41.47617721557617
42.05042266845703
42.05042266845703
42.05042266845703
41.553558349609375
41.553558349609375
41.553558349609375
41.553558349609375
42.103416442871094
42.103416442871094
42.103416442871094
41.399078369140625
41.399078369140625
41.399078369140625
42.74991989135742
42.74991989135742
42.74991989135742
41.997562408447266
41.997562408447266
41.997562408447266
41.7352409362793
41.7352409362793
