-0.0
-0.0
-0.0
-0.0
-0.0
-0.0
-0.0
-0.0
-0.0
-0.0
0.0
0.0
0.0
0.0
0.0
0.0
8.573174272896722e-05
8.573174272896722e-05
8.573174272896722e-05
8.573174272896722e-05
8.573174272896722e-05
8.573174272896722e-05
8.573174272896722e-05
8.573174272896722e-05
8.573174272896722e-05
8.573174272896722e-05
0.0
11.445378303527832
11.445378303527832
11.445378303527832
11.445378303527832
11.445378303527832
11.445378303527832
11.445378303527832
11.445378303527832
16.67534828186035
16.67534828186035
16.67534828186035
16.67534828186035
16.67534828186035
16.67534828186035
16.67534828186035
19.780378341674805
19.780378341674805
19.780378341674805
19.780378341674805
19.780378341674805
19.780378341674805
21.82172393798828
21.82172393798828
21.82172393798828
21.82172393798828
21.82172393798828
21.82172393798828
23.83807373046875
23.83807373046875
23.83807373046875
23.83807373046875
23.83807373046875
25.20487403869629
25.20487403869629
25.20487403869629
25.20487403869629
25.20487403869629
26.80229377746582
26.80229377746582
26.80229377746582
26.80229377746582
26.80229377746582
27.65650749206543
27.65650749206543
27.65650749206543
27.65650749206543
29.52634620666504
29.52634620666504
29.52634620666504
29.52634620666504
29.52634620666504
30.003644943237305
30.003644943237305
30.003644943237305
30.003644943237305
30.56638526916504
30.56638526916504
30.56638526916504
30.56638526916504
32.03169631958008
32.03169631958008
32.03169631958008
32.03169631958008
32.03169631958008
32.0163459777832
32.0163459777832
32.0163459777832
32.0163459777832
32.89912414550781
32.89912414550781
32.89912414550781
32.89912414550781
33.883426666259766
33.883426666259766
33.883426666259766
33.883426666259766
33.50959014892578
33.50959014892578
33.50959014892578
34.513492584228516
34.513492584228516
34.513492584228516
34.513492584228516
34.47787094116211
34.47787094116211
34.47787094116211
34.47787094116211
35.35350036621094
35.35350036621094
35.35350036621094
35.35350036621094
35.24162292480469
35.24162292480469
35.24162292480469
35.24162292480469
36.652835845947266
36.652835845947266
36.652835845947266
36.373497009277344
36.373497009277344
36.373497009277344
36.373497009277344
36.413143157958984
36.413143157958984
36.413143157958984
37.43312072753906
37.43312072753906
37.43312072753906
37.43312072753906
36.99784851074219
36.99784851074219
36.99784851074219
36.99784851074219
37.37031173706055
37.37031173706055
37.37031173706055
38.1381950378418
38.1381950378418
38.1381950378418
38.1381950378418
37.286895751953125
37.286895751953125
37.286895751953125
38.05131912231445
38.05131912231445
38.05131912231445
38.05131912231445
37.79304885864258
37.79304885864258
37.79304885864258
38.534095764160156
38.534095764160156
38.534095764160156
38.534095764160156
38.0296630859375
38.0296630859375
38.0296630859375
39.467288970947266
39.467288970947266
39.467288970947266
39.467288970947266
38.87034606933594
38.87034606933594
38.87034606933594
38.80262756347656
38.80262756347656
38.80262756347656
39.725399017333984
39.725399017333984
39.725399017333984
39.725399017333984
39.166542053222656
39.166542053222656
39.166542053222656
39.51396560668945
39.51396560668945
39.51396560668945
39.51396560668945
40.082855224609375
40.082855224609375
40.082855224609375
39.143592834472656
39.143592834472656
39.143592834472656
39.86761474609375
39.86761474609375
39.86761474609375
39.86761474609375
39.3974723815918
39.3974723815918
39.3974723815918
40.05882263183594
40.05882263183594
40.05882263183594
39.56075668334961
39.56075668334961
39.56075668334961
39.56075668334961
40.84237289428711
40.84237289428711
40.84237289428711
40.25188064575195
40.25188064575195
40.25188064575195
40.05882263183594
40.05882263183594
40.05882263183594
40.05882263183594
40.96757507324219
40.96757507324219
40.96757507324219
40.30043029785156
40.30043029785156
40.30043029785156
40.618919372558594
40.618919372558594
40.618919372558594
41.11884307861328
41.11884307861328
41.11884307861328
41.11884307861328
40.17926788330078
40.17926788330078
40.17926788330078
40.76761245727539
40.76761245727539
40.76761245727539
40.34910583496094
40.34910583496094
40.34910583496094
40.34910583496094
40.94247817993164
40.94247817993164
40.94247817993164
40.34910583496094
40.34910583496094
40.34910583496094
41.631229400634766
41.631229400634766
41.631229400634766
40.99271011352539
40.99271011352539
40.99271011352539
40.99271011352539
40.76761245727539
40.76761245727539
40.76761245727539
41.65718078613281
41.65718078613281
41.65718078613281
40.91740036010742
40.91740036010742
40.91740036010742
41.144161224365234
41.144161224365234
41.144161224365234
41.144161224365234
41.7352409362793
41.7352409362793
41.7352409362793
40.69313049316406
40.69313049316406
40.69313049316406
41.245750427246094
41.245750427246094
41.245750427246094
40.79249954223633
40.79249954223633
40.79249954223633
40.79249954223633
41.399078369140625
41.399078369140625
41.399078369140625
40.74275588989258
40.74275588989258
40.74275588989258
42.076900482177734
42.076900482177734
42.076900482177734
41.37344741821289
41.37344741821289
41.37344741821289
41.37344741821289
41.11884307861328
41.11884307861328
41.11884307861328
42.02397918701172
42.02397918701172
42.02397918701172
41.245750427246094
41.245750427246094
41.245750427246094
41.47617721557617
41.47617721557617
41.47617721557617
42.05042266845703
42.05042266845703
42.05042266845703
42.05042266845703
40.99271011352539
40.99271011352539
40.99271011352539
41.52772903442383
41.52772903442383
41.52772903442383
41.06829833984375
41.06829833984375
41.06829833984375
41.631229400634766
41.631229400634766
41.631229400634766
41.631229400634766
41.01787567138672
41.01787567138672
41.01787567138672
42.289947509765625
42.289947509765625
42.289947509765625
41.52772903442383
41.52772903442383
41.52772903442383
41.29673767089844
41.29673767089844
41.29673767089844
42.18315505981445
42.18315505981445
42.18315505981445
42.18315505981445
41.42475128173828
41.42475128173828
41.42475128173828
41.683170318603516
41.683170318603516
41.683170318603516
42.18315505981445
42.18315505981445
42.18315505981445
41.11884307861328
41.11884307861328
41.11884307861328
41.683170318603516
41.683170318603516
41.683170318603516
41.683170318603516
41.19489669799805
41.19489669799805
41.19489669799805
41.76132583618164
41.76132583618164
41.76132583618164
41.09355545043945
41.09355545043945
41.09355545043945
42.42420196533203
42.42420196533203
42.42420196533203
41.70918655395508
41.70918655395508
41.70918655395508
41.70918655395508
41.42475128173828
41.42475128173828
41.42475128173828
42.289947509765625
42.289947509765625
42.289947509765625
41.52772903442383
41.52772903442383
41.52772903442383
41.78744125366211
41.78744125366211
41.78744125366211
42.26319885253906
42.26319885253906
42.26319885253906
42.26319885253906
41.245750427246094
41.245750427246094
41.245750427246094
41.76132583618164
41.76132583618164
41.76132583618164
41.29673767089844
41.29673767089844
41.29673767089844
41.78744125366211
41.78744125366211
41.78744125366211
41.78744125366211
41.19489669799805
41.19489669799805
41.19489669799805
42.45115661621094
42.45115661621094
42.45115661621094
41.7352409362793
41.7352409362793
41.7352409362793
41.47617721557617
41.47617721557617
41.47617721557617
42.34354782104492
42.34354782104492
42.34354782104492
42.34354782104492
41.57941436767578
41.57941436767578
41.57941436767578
41.78744125366211
41.78744125366211
41.78744125366211
42.289947509765625
42.289947509765625
42.289947509765625
41.220306396484375
41.220306396484375
41.220306396484375
41.78744125366211
41.78744125366211
41.78744125366211
41.78744125366211
41.32227325439453
41.32227325439453
41.32227325439453
41.83977508544922
41.83977508544922
41.83977508544922
41.16951370239258
41.16951370239258
41.16951370239258
42.45115661621094
42.45115661621094
42.45115661621094
41.76132583618164
41.76132583618164
41.76132583618164
41.76132583618164
41.50193786621094
41.50193786621094
41.50193786621094
42.289947509765625
42.289947509765625
42.289947509765625
41.57941436767578
41.57941436767578
41.57941436767578
41.78744125366211
41.78744125366211
41.78744125366211
42.31672668457031
42.31672668457031
42.31672668457031
42.31672668457031
41.220306396484375
41.220306396484375
41.220306396484375
41.78744125366211
41.78744125366211
41.78744125366211
41.2712287902832
41.2712287902832
41.2712287902832
41.865989685058594
41.865989685058594
41.865989685058594
41.19489669799805
41.19489669799805
41.19489669799805
41.19489669799805
42.478145599365234
42.478145599365234
42.478145599365234
41.76132583618164
41.76132583618164
41.76132583618164
41.52772903442383
41.52772903442383
41.52772903442383
42.31672668457031
42.31672668457031
42.31672668457031
41.57941436767578
41.57941436767578
41.57941436767578
41.57941436767578
41.83977508544922
41.83977508544922
41.83977508544922
42.31672668457031
42.31672668457031
42.31672668457031
41.245750427246094
41.245750427246094
41.245750427246094
41.83977508544922
41.83977508544922
41.83977508544922
41.34784698486328
41.34784698486328
41.34784698486328
41.34784698486328
41.89223861694336
41.89223861694336
41.89223861694336
41.220306396484375
41.220306396484375
41.220306396484375
42.532222747802734
42.532222747802734
42.532222747802734
41.81359100341797
41.81359100341797
41.81359100341797
41.553558349609375
41.553558349609375
41.553558349609375
42.39728546142578
42.39728546142578
42.39728546142578
42.39728546142578
41.65718078613281
41.65718078613281
41.65718078613281
41.89223861694336
41.89223861694336
41.89223861694336
42.39728546142578
42.39728546142578
42.39728546142578
41.29673767089844
41.29673767089844
41.29673767089844
41.865989685058594
41.865989685058594
41.865989685058594
41.865989685058594
41.32227325439453
41.32227325439453
41.32227325439453
41.9448356628418
41.9448356628418
41.9448356628418
41.220306396484375
41.220306396484375
41.220306396484375
42.5593147277832
42.5593147277832
42.5593147277832
41.865989685058594
41.865989685058594
41.865989685058594
41.865989685058594
41.50193786621094
41.50193786621094
41.50193786621094
42.370399475097656
42.370399475097656
42.370399475097656
41.65718078613281
41.65718078613281
41.65718078613281
41.865989685058594
41.865989685058594
41.865989685058594
42.39728546142578
42.39728546142578
42.39728546142578
42.39728546142578
41.29673767089844
41.29673767089844
41.29673767089844
41.89223861694336
41.89223861694336
41.89223861694336
41.37344741821289
41.37344741821289
41.37344741821289
41.9448356628418
41.9448356628418
41.9448356628418
41.34784698486328
41.34784698486328
41.34784698486328
41.34784698486328
42.5593147277832
42.5593147277832
42.5593147277832
41.81359100341797
41.81359100341797
41.81359100341797
41.57941436767578
41.57941436767578
41.57941436767578
42.45115661621094
42.45115661621094
42.45115661621094
41.7352409362793
41.7352409362793
41.7352409362793
41.7352409362793
41.89223861694336
41.89223861694336
41.89223861694336
42.45115661621094
42.45115661621094
42.45115661621094
41.32227325439453
41.32227325439453
41.32227325439453
41.9448356628418
41.9448356628418
41.9448356628418
41.37344741821289
41.37344741821289
41.37344741821289
41.37344741821289
41.997562408447266
41.997562408447266
41.997562408447266
41.34784698486328
41.34784698486328
41.34784698486328
42.505165100097656
42.505165100097656
42.505165100097656
41.89223861694336
41.89223861694336
41.89223861694336
41.57941436767578
41.57941436767578
41.57941436767578
42.45115661621094
42.45115661621094
42.45115661621094
42.45115661621094
41.7352409362793
41.7352409362793
41.7352409362793
41.83977508544922
41.83977508544922
41.83977508544922
42.478145599365234
42.478145599365234
42.478145599365234
41.32227325439453
41.32227325439453
41.32227325439453
41.9448356628418
41.9448356628418
41.9448356628418
41.9448356628418
41.42475128173828
41.42475128173828
41.42475128173828
41.9711799621582
41.9711799621582
41.9711799621582
41.29673767089844
41.29673767089844
41.29673767089844
42.64079284667969
42.64079284667969
42.64079284667969
41.83977508544922
41.83977508544922
41.83977508544922
41.83977508544922
41.631229400634766
41.631229400634766
41.631229400634766
42.42420196533203
42.42420196533203
42.42420196533203
41.683170318603516
41.683170318603516
41.683170318603516
41.9711799621582
41.9711799621582
41.9711799621582
42.45115661621094
42.45115661621094
42.45115661621094
42.45115661621094
41.37344741821289
41.37344741821289
41.37344741821289
41.9448356628418
41.9448356628418
41.9448356628418
41.45044708251953
41.45044708251953
41.45044708251953
41.9448356628418
41.9448356628418
41.9448356628418
41.34784698486328
41.34784698486328
41.34784698486328
42.61359786987305
42.61359786987305
42.61359786987305
42.61359786987305
41.89223861694336
41.89223861694336
41.89223861694336
41.631229400634766
41.631229400634766
41.631229400634766
42.45115661621094
42.45115661621094
42.45115661621094
41.7352409362793
41.7352409362793
41.7352409362793
41.918521881103516
41.918521881103516
41.918521881103516
41.918521881103516
42.45115661621094
42.45115661621094
42.45115661621094
41.399078369140625
41.399078369140625
41.399078369140625
41.918521881103516
41.918521881103516
41.918521881103516
41.45044708251953
41.45044708251953
41.45044708251953
41.9711799621582
41.9711799621582
41.9711799621582
41.9711799621582
41.29673767089844
41.29673767089844
41.29673767089844
42.61359786987305
42.61359786987305
42.61359786987305
41.89223861694336
41.89223861694336
41.89223861694336
41.60530090332031
41.60530090332031
41.60530090332031
42.45115661621094
42.45115661621094
42.45115661621094
42.45115661621094
41.7352409362793
41.7352409362793
41.7352409362793
41.9448356628418
41.9448356628418
41.9448356628418
42.42420196533203
42.42420196533203
42.42420196533203
41.34784698486328
41.34784698486328
41.34784698486328
41.918521881103516
41.918521881103516
41.918521881103516
41.45044708251953
41.45044708251953
41.45044708251953
41.45044708251953
41.9711799621582
41.9711799621582
41.9711799621582
41.32227325439453
41.32227325439453
41.32227325439453
42.61359786987305
42.61359786987305
42.61359786987305
41.865989685058594
41.865989685058594
41.865989685058594
41.65718078613281
41.65718078613281
41.65718078613281
41.65718078613281
42.478145599365234
42.478145599365234
42.478145599365234
41.683170318603516
41.683170318603516
41.683170318603516
41.918521881103516
41.918521881103516
41.918521881103516
42.505165100097656
42.505165100097656
42.505165100097656
41.37344741821289
41.37344741821289
41.37344741821289
41.37344741821289
41.918521881103516
41.918521881103516
41.918521881103516
41.47617721557617
41.47617721557617
41.47617721557617
41.997562408447266
41.997562408447266
41.997562408447266
41.2712287902832
41.2712287902832
41.2712287902832
42.61359786987305
42.61359786987305
42.61359786987305
42.61359786987305
41.918521881103516
41.918521881103516
41.918521881103516
41.60530090332031
41.60530090332031
41.60530090332031
42.45115661621094
42.45115661621094
42.45115661621094
41.70918655395508
41.70918655395508
41.70918655395508
41.9448356628418
41.9448356628418
41.9448356628418
42.478145599365234
42.478145599365234
42.478145599365234
42.478145599365234
41.34784698486328
41.34784698486328
41.34784698486328
41.9448356628418
41.9448356628418
41.9448356628418
41.45044708251953
41.45044708251953
41.45044708251953
41.9711799621582
41.9711799621582
41.9711799621582
41.245750427246094
41.245750427246094
41.245750427246094
41.245750427246094
42.72258377075195
42.72258377075195
42.72258377075195
41.918521881103516
41.918521881103516
41.918521881103516
41.57941436767578
41.57941436767578
41.57941436767578
42.478145599365234
42.478145599365234
42.478145599365234
41.76132583618164
41.76132583618164
41.76132583618164
41.76132583618164
41.89223861694336
41.89223861694336
41.89223861694336
42.478145599365234
42.478145599365234
42.478145599365234
41.37344741821289
41.37344741821289
41.37344741821289
41.9711799621582
41.9711799621582
41.9711799621582
41.45044708251953
41.45044708251953
41.45044708251953
41.45044708251953
42.02397918701172
42.02397918701172
42.02397918701172
41.34784698486328
41.34784698486328
41.34784698486328
42.66801834106445
42.66801834106445
42.66801834106445
41.997562408447266
41.997562408447266
41.997562408447266
41.57941436767578
41.57941436767578
41.57941436767578
42.478145599365234
42.478145599365234
42.478145599365234
42.478145599365234
41.7352409362793
41.7352409362793
41.7352409362793
41.9448356628418
41.9448356628418
41.9448356628418
42.478145599365234
42.478145599365234
42.478145599365234
41.37344741821289
41.37344741821289
41.37344741821289
41.9711799621582
41.9711799621582
41.9711799621582
41.9711799621582
41.45044708251953
41.45044708251953
41.45044708251953
41.997562408447266
41.997562408447266
41.997562408447266
41.37344741821289
41.37344741821289
41.37344741821289
42.61359786987305
42.61359786987305
42.61359786987305
41.918521881103516
41.918521881103516
41.918521881103516
41.918521881103516
41.65718078613281
41.65718078613281
41.65718078613281
42.478145599365234
42.478145599365234
42.478145599365234
41.7352409362793
41.7352409362793
41.7352409362793
41.9711799621582
41.9711799621582
41.9711799621582
42.478145599365234
42.478145599365234
42.478145599365234
41.399078369140625
41.399078369140625
41.399078369140625
41.399078369140625
41.9711799621582
41.9711799621582
41.9711799621582
41.47617721557617
41.47617721557617
41.47617721557617
41.997562408447266
41.997562408447266
41.997562408447266
41.37344741821289
41.37344741821289
41.37344741821289
42.5864372253418
42.5864372253418
42.5864372253418
42.5864372253418
41.9448356628418
41.9448356628418
41.9448356628418
41.631229400634766
41.631229400634766
41.631229400634766
42.45115661621094
42.45115661621094
42.45115661621094
41.7352409362793
41.7352409362793
41.7352409362793
41.9711799621582
41.9711799621582
41.9711799621582
42.505165100097656
42.505165100097656
42.505165100097656
42.505165100097656
41.399078369140625
41.399078369140625
41.399078369140625
41.9448356628418
41.9448356628418
41.9448356628418
41.47617721557617
41.47617721557617
41.47617721557617
42.02397918701172
42.02397918701172
42.02397918701172
42.02397918701172
41.34784698486328
41.34784698486328
41.34784698486328
42.66801834106445
42.66801834106445
42.66801834106445
41.9448356628418
41.9448356628418
41.9448356628418
41.683170318603516
41.683170318603516
41.683170318603516
42.478145599365234
42.478145599365234
42.478145599365234
41.76132583618164
41.76132583618164
41.76132583618164
41.76132583618164
41.9711799621582
41.9711799621582
41.9711799621582
42.478145599365234
42.478145599365234
42.478145599365234
41.399078369140625
41.399078369140625
41.399078369140625
41.997562408447266
41.997562408447266
41.997562408447266
41.399078369140625
41.399078369140625
41.399078369140625
41.399078369140625
42.076900482177734
42.076900482177734
42.076900482177734
41.32227325439453
41.32227325439453
41.32227325439453
42.66801834106445
42.66801834106445
42.66801834106445
41.89223861694336
41.89223861694336
41.89223861694336
41.65718078613281
41.65718078613281
41.65718078613281
42.505165100097656
42.505165100097656
42.505165100097656
42.505165100097656
41.7352409362793
41.7352409362793
41.7352409362793
41.9711799621582
41.9711799621582
41.9711799621582
42.505165100097656
42.505165100097656
42.505165100097656
41.399078369140625
41.399078369140625
41.399078369140625
41.9711799621582
41.9711799621582
41.9711799621582
41.9711799621582
41.45044708251953
41.45044708251953
41.45044708251953
42.02397918701172
42.02397918701172
42.02397918701172
41.37344741821289
41.37344741821289
41.37344741821289
42.64079284667969
42.64079284667969
42.64079284667969
41.9448356628418
41.9448356628418
41.9448356628418
41.9448356628418
41.683170318603516
41.683170318603516
41.683170318603516
42.505165100097656
42.505165100097656
42.505165100097656
41.78744125366211
41.78744125366211
41.78744125366211
41.9711799621582
41.9711799621582
41.9711799621582
42.532222747802734
42.532222747802734
42.532222747802734
41.399078369140625
41.399078369140625
41.399078369140625
41.399078369140625
41.997562408447266
41.997562408447266
41.997562408447266
41.50193786621094
41.50193786621094
41.50193786621094
42.02397918701172
42.02397918701172
42.02397918701172
41.399078369140625
41.399078369140625
41.399078369140625
42.69528579711914
42.69528579711914
42.69528579711914
42.69528579711914
42.02397918701172
42.02397918701172
42.02397918701172
41.631229400634766
41.631229400634766
41.631229400634766
42.532222747802734
42.532222747802734
42.532222747802734
41.78744125366211
41.78744125366211
41.78744125366211
41.9711799621582
41.9711799621582
41.9711799621582
42.532222747802734
42.532222747802734
42.532222747802734
42.532222747802734
41.45044708251953
41.45044708251953
41.45044708251953
41.9448356628418
41.9448356628418
41.9448356628418
41.47617721557617
41.47617721557617
41.47617721557617
42.02397918701172
42.02397918701172
42.02397918701172
41.29673767089844
41.29673767089844
41.29673767089844
41.29673767089844
42.74991989135742
42.74991989135742
42.74991989135742
41.918521881103516
41.918521881103516
41.918521881103516
41.7352409362793
41.7352409362793
41.7352409362793
42.45115661621094
42.45115661621094
42.45115661621094
41.76132583618164
41.76132583618164
41.76132583618164
41.76132583618164
41.997562408447266
41.997562408447266
41.997562408447266
42.532222747802734
42.532222747802734
42.532222747802734
41.399078369140625
41.399078369140625
41.399078369140625
42.02397918701172
42.02397918701172
42.02397918701172
41.50193786621094
41.50193786621094
41.50193786621094
41.9711799621582
41.9711799621582
41.9711799621582
41.9711799621582
41.45044708251953
41.45044708251953
41.45044708251953
42.66801834106445
42.66801834106445
42.66801834106445
41.9711799621582
41.9711799621582
41.9711799621582
41.70918655395508
41.70918655395508
41.70918655395508
42.5864372253418
42.5864372253418
42.5864372253418
42.5864372253418
41.83977508544922
41.83977508544922
41.83977508544922
41.9711799621582
41.9711799621582
41.9711799621582
42.5864372253418
42.5864372253418
42.5864372253418
41.52772903442383
41.52772903442383
41.52772903442383
41.997562408447266
41.997562408447266
41.997562408447266
41.52772903442383
41.52772903442383
41.52772903442383
41.52772903442383
42.103416442871094
42.103416442871094
42.103416442871094
41.45044708251953
41.45044708251953
41.45044708251953
42.72258377075195
42.72258377075195
42.72258377075195
41.997562408447266
41.997562408447266
41.997562408447266
41.7352409362793
41.7352409362793
41.7352409362793
41.7352409362793
42.5864372253418
42.5864372253418
42.5864372253418
41.78744125366211
41.78744125366211
41.78744125366211
42.076900482177734
42.076900482177734
42.076900482177734
42.5864372253418
42.5864372253418
42.5864372253418
41.42475128173828
41.42475128173828
41.42475128173828
42.103416442871094
42.103416442871094
42.103416442871094
42.103416442871094
41.45044708251953
41.45044708251953
41.45044708251953
42.076900482177734
42.076900482177734
42.076900482177734
41.42475128173828
41.42475128173828
41.42475128173828
42.69528579711914
42.69528579711914
42.69528579711914
41.997562408447266
41.997562408447266
41.997562408447266
41.997562408447266
41.7352409362793
41.7352409362793
41.7352409362793
42.5864372253418
42.5864372253418
42.5864372253418
41.81359100341797
41.81359100341797
41.81359100341797
42.076900482177734
42.076900482177734
42.076900482177734
42.5864372253418
42.5864372253418
42.5864372253418
41.50193786621094
41.50193786621094
41.50193786621094
41.50193786621094
42.02397918701172
42.02397918701172
42.02397918701172
41.60530090332031
41.60530090332031
41.60530090332031
42.05042266845703
42.05042266845703
42.05042266845703
41.47617721557617
41.47617721557617
41.47617721557617
42.66801834106445
42.66801834106445
42.66801834106445
42.66801834106445
42.02397918701172
42.02397918701172
42.02397918701172
41.70918655395508
41.70918655395508
41.70918655395508
42.5593147277832
42.5593147277832
42.5593147277832
41.81359100341797
41.81359100341797
41.81359100341797
42.076900482177734
42.076900482177734
42.076900482177734
42.5593147277832
42.5593147277832
42.5593147277832
42.5593147277832
41.45044708251953
41.45044708251953
41.45044708251953
42.05042266845703
42.05042266845703
42.05042266845703
41.553558349609375
41.553558349609375
41.553558349609375
42.05042266845703
42.05042266845703
42.05042266845703
41.42475128173828
41.42475128173828
41.42475128173828
41.42475128173828
42.72258377075195
42.72258377075195
42.72258377075195
41.997562408447266
41.997562408447266
41.997562408447266
41.76132583618164
41.76132583618164
41.76132583618164
42.5593147277832
42.5593147277832
42.5593147277832
41.81359100341797
41.81359100341797
41.81359100341797
41.918521881103516
41.918521881103516
41.918521881103516
41.918521881103516
42.69528579711914
42.69528579711914
42.69528579711914
41.45044708251953
41.45044708251953
41.45044708251953
42.02397918701172
42.02397918701172
42.02397918701172
41.52772903442383
41.52772903442383
41.52772903442383
42.05042266845703
42.05042266845703
42.05042266845703
42.05042266845703
41.45044708251953
41.45044708251953
41.45044708251953
42.66801834106445
42.66801834106445
42.66801834106445
41.997562408447266
41.997562408447266
41.997562408447266
41.70918655395508
41.70918655395508
41.70918655395508
42.5593147277832
42.5593147277832
42.5593147277832
41.76132583618164
41.76132583618164
41.76132583618164
41.76132583618164
42.02397918701172
42.02397918701172
42.02397918701172
42.532222747802734
42.532222747802734
42.532222747802734
41.45044708251953
41.45044708251953
41.45044708251953
41.997562408447266
41.997562408447266
41.997562408447266
41.50193786621094
41.50193786621094
41.50193786621094
41.50193786621094
42.05042266845703
42.05042266845703
42.05042266845703
41.37344741821289
41.37344741821289
41.37344741821289
42.69528579711914
42.69528579711914
42.69528579711914
41.9448356628418
41.9448356628418
41.9448356628418
41.70918655395508
41.70918655395508
41.70918655395508
41.70918655395508
42.532222747802734
42.532222747802734
42.532222747802734
41.76132583618164
41.76132583618164
41.76132583618164
42.02397918701172
42.02397918701172
42.02397918701172
42.532222747802734
42.532222747802734
42.532222747802734
41.45044708251953
41.45044708251953
41.45044708251953
41.997562408447266
41.997562408447266
41.997562408447266
41.997562408447266
41.52772903442383
41.52772903442383
41.52772903442383
42.02397918701172
42.02397918701172
42.02397918701172
41.37344741821289
41.37344741821289
41.37344741821289
42.72258377075195
42.72258377075195
42.72258377075195
41.9448356628418
41.9448356628418
41.9448356628418
41.9448356628418
41.70918655395508
41.70918655395508
41.70918655395508
42.532222747802734
42.532222747802734
42.532222747802734
41.83977508544922
41.83977508544922
41.83977508544922
42.02397918701172
42.02397918701172
42.02397918701172
42.532222747802734
42.532222747802734
42.532222747802734
41.42475128173828
41.42475128173828
41.42475128173828
41.42475128173828
42.02397918701172
42.02397918701172
42.02397918701172
41.50193786621094
41.50193786621094
41.50193786621094
42.05042266845703
42.05042266845703
42.05042266845703
41.399078369140625
41.399078369140625
41.399078369140625
42.66801834106445
42.66801834106445
42.66801834106445
42.66801834106445
41.9711799621582
41.9711799621582
41.9711799621582
41.683170318603516
41.683170318603516
41.683170318603516
42.532222747802734
42.532222747802734
42.532222747802734
41.78744125366211
41.78744125366211
41.78744125366211
41.997562408447266
41.997562408447266
41.997562408447266
42.5864372253418
42.5864372253418
42.5864372253418
42.5864372253418
41.399078369140625
41.399078369140625
41.399078369140625
41.997562408447266
41.997562408447266
41.997562408447266
41.50193786621094
41.50193786621094
41.50193786621094
42.076900482177734
42.076900482177734
42.076900482177734
41.34784698486328
41.34784698486328
41.34784698486328
41.34784698486328
42.69528579711914
42.69528579711914
42.69528579711914
41.9711799621582
41.9711799621582
41.9711799621582
41.683170318603516
41.683170318603516
41.683170318603516
42.532222747802734
42.532222747802734
42.532222747802734
41.76132583618164
41.76132583618164
41.76132583618164
41.76132583618164
42.05042266845703
42.05042266845703
42.05042266845703
42.5593147277832
42.5593147277832
42.5593147277832
41.47617721557617
41.47617721557617
41.47617721557617
41.997562408447266
41.997562408447266
41.997562408447266
41.553558349609375
41.553558349609375
41.553558349609375
42.076900482177734
42.076900482177734
42.076900482177734
42.076900482177734
41.45044708251953
41.45044708251953
41.45044708251953
42.69528579711914
42.69528579711914
42.69528579711914
41.997562408447266
41.997562408447266
41.997562408447266
41.7352409362793
41.7352409362793
41.7352409362793
42.5864372253418
42.5864372253418
42.5864372253418
42.5864372253418
41.81359100341797
41.81359100341797
41.81359100341797
42.05042266845703
42.05042266845703
42.05042266845703
42.61359786987305
42.61359786987305
42.61359786987305
41.42475128173828
41.42475128173828
41.42475128173828
42.103416442871094
42.103416442871094
42.103416442871094
41.45044708251953
41.45044708251953
41.45044708251953
41.45044708251953
42.15654373168945
42.15654373168945
42.15654373168945
41.42475128173828
41.42475128173828
41.42475128173828
42.777286529541016
42.777286529541016
42.777286529541016
41.9711799621582
41.9711799621582
41.9711799621582
41.76132583618164
41.76132583618164
41.76132583618164
41.76132583618164
42.5864372253418
42.5864372253418
42.5864372253418
41.83977508544922
41.83977508544922
41.83977508544922
42.05042266845703
42.05042266845703
42.05042266845703
42.61359786987305
42.61359786987305
42.61359786987305
41.50193786621094
41.50193786621094
41.50193786621094
42.05042266845703
42.05042266845703
42.05042266845703
42.05042266845703
41.553558349609375
41.553558349609375
41.553558349609375
42.103416442871094
42.103416442871094
42.103416442871094
41.45044708251953
41.45044708251953
41.45044708251953
42.74991989135742
42.74991989135742
42.74991989135742
42.02397918701172
42.02397918701172
42.02397918701172
42.02397918701172
41.7352409362793
41.7352409362793
41.7352409362793
42.5864372253418
42.5864372253418
42.5864372253418
41.83977508544922
41.83977508544922
41.83977508544922
42.103416442871094
42.103416442871094
42.103416442871094
42.5593147277832
42.5593147277832
42.5593147277832
41.52772903442383
41.52772903442383
41.52772903442383
41.52772903442383
42.05042266845703
42.05042266845703
42.05042266845703
41.57941436767578
41.57941436767578
41.57941436767578
42.12996292114258
42.12996292114258
42.12996292114258
41.52772903442383
41.52772903442383
41.52772903442383
42.72258377075195
42.72258377075195
42.72258377075195
42.72258377075195
42.05042266845703
42.05042266845703
42.05042266845703
41.78744125366211
41.78744125366211
41.78744125366211
42.61359786987305
42.61359786987305
42.61359786987305
41.865989685058594
41.865989685058594
41.865989685058594
42.103416442871094
42.103416442871094
42.103416442871094
42.61359786987305
42.61359786987305
42.61359786987305
42.61359786987305
41.52772903442383
41.52772903442383
41.52772903442383
42.103416442871094
42.103416442871094
42.103416442871094
41.57941436767578
41.57941436767578
41.57941436767578
42.12996292114258
42.12996292114258
42.12996292114258
41.45044708251953
41.45044708251953
41.45044708251953
42.74991989135742
42.74991989135742
42.74991989135742
42.74991989135742
42.076900482177734
42.076900482177734
42.076900482177734
41.7352409362793
41.7352409362793
41.7352409362793
42.5864372253418
42.5864372253418
42.5864372253418
41.865989685058594
41.865989685058594
41.865989685058594
42.05042266845703
42.05042266845703
42.05042266845703
42.61359786987305
42.61359786987305
42.61359786987305
42.61359786987305
41.52772903442383
41.52772903442383
41.52772903442383
42.076900482177734
42.076900482177734
42.076900482177734
41.57941436767578
41.57941436767578
41.57941436767578
42.103416442871094
42.103416442871094
42.103416442871094
41.45044708251953
41.45044708251953
41.45044708251953
41.45044708251953
42.777286529541016
42.777286529541016
42.777286529541016
42.05042266845703
42.05042266845703
42.05042266845703
41.76132583618164
41.76132583618164
41.76132583618164
42.5864372253418
42.5864372253418
42.5864372253418
41.865989685058594
41.865989685058594
41.865989685058594
41.865989685058594
42.076900482177734
42.076900482177734
42.076900482177734
42.5864372253418
42.5864372253418
42.5864372253418
41.553558349609375
41.553558349609375
41.553558349609375
42.02397918701172
42.02397918701172
42.02397918701172
41.50193786621094
41.50193786621094
41.50193786621094
42.12996292114258
42.12996292114258
42.12996292114258
42.12996292114258
41.45044708251953
41.45044708251953
41.45044708251953
42.72258377075195
42.72258377075195
42.72258377075195
42.076900482177734
42.076900482177734
42.076900482177734
41.76132583618164
41.76132583618164
41.76132583618164
42.5593147277832
42.5593147277832
42.5593147277832
41.76132583618164
41.76132583618164
41.76132583618164
41.76132583618164
42.076900482177734
42.076900482177734
42.076900482177734
42.5864372253418
42.5864372253418
42.5864372253418
41.47617721557617
41.47617721557617
41.47617721557617
42.05042266845703
42.05042266845703
42.05042266845703
41.553558349609375
41.553558349609375
41.553558349609375
41.553558349609375
42.15654373168945
42.15654373168945
42.15654373168945
41.42475128173828
41.42475128173828
41.42475128173828
42.777286529541016
42.777286529541016
42.777286529541016
42.02397918701172
42.02397918701172
42.02397918701172
41.78744125366211
41.78744125366211
41.78744125366211
42.66801834106445
42.66801834106445
42.66801834106445
42.66801834106445
41.83977508544922
41.83977508544922
41.83977508544922
42.103416442871094
42.103416442871094
42.103416442871094
42.66801834106445
42.66801834106445
42.66801834106445
41.47617721557617
41.47617721557617
41.47617721557617
42.103416442871094
42.103416442871094
42.103416442871094
42.103416442871094
41.60530090332031
41.60530090332031
41.60530090332031
42.12996292114258
42.12996292114258
42.12996292114258
41.50193786621094
41.50193786621094
41.50193786621094
42.72258377075195
42.72258377075195
42.72258377075195
42.12996292114258
42.12996292114258
42.12996292114258
41.76132583618164
41.76132583618164
41.76132583618164
41.76132583618164
42.5864372253418
42.5864372253418
42.5864372253418
41.89223861694336
41.89223861694336
41.89223861694336
42.12996292114258
42.12996292114258
42.12996292114258
42.5864372253418
42.5864372253418
42.5864372253418
41.52772903442383
41.52772903442383
41.52772903442383
42.103416442871094
42.103416442871094
42.103416442871094
42.103416442871094
41.631229400634766
41.631229400634766
41.631229400634766
42.12996292114258
42.12996292114258
42.12996292114258
41.50193786621094
41.50193786621094
41.50193786621094
42.777286529541016
42.777286529541016
42.777286529541016
42.076900482177734
42.076900482177734
42.076900482177734
42.076900482177734
41.81359100341797
41.81359100341797
41.81359100341797
42.64079284667969
42.64079284667969
42.64079284667969
41.918521881103516
41.918521881103516
41.918521881103516
42.103416442871094
42.103416442871094
42.103416442871094
42.66801834106445
42.66801834106445
42.66801834106445
41.52772903442383
41.52772903442383
41.52772903442383
41.52772903442383
42.12996292114258
42.12996292114258
42.12996292114258
41.60530090332031
41.60530090332031
41.60530090332031
42.12996292114258
42.12996292114258
42.12996292114258
41.47617721557617
41.47617721557617
41.47617721557617
42.8046875
42.8046875
42.8046875
42.8046875
42.076900482177734
42.076900482177734
42.076900482177734
41.81359100341797
41.81359100341797
41.81359100341797
42.64079284667969
42.64079284667969
42.64079284667969
41.89223861694336
41.89223861694336
41.89223861694336
42.15654373168945
42.15654373168945
42.15654373168945
42.61359786987305
42.61359786987305
42.61359786987305
42.61359786987305
41.50193786621094
41.50193786621094
41.50193786621094
42.103416442871094
42.103416442871094
42.103416442871094
41.57941436767578
41.57941436767578
41.57941436767578
42.15654373168945
42.15654373168945
42.15654373168945
41.45044708251953
41.45044708251953
41.45044708251953
42.8046875
42.8046875
42.8046875
42.8046875
42.02397918701172
42.02397918701172
42.02397918701172
41.81359100341797
41.81359100341797
41.81359100341797
42.61359786987305
42.61359786987305
42.61359786987305
41.918521881103516
41.918521881103516
41.918521881103516
42.05042266845703
42.05042266845703
42.05042266845703
42.64079284667969
42.64079284667969
42.64079284667969
42.64079284667969
41.50193786621094
41.50193786621094
41.50193786621094
42.103416442871094
42.103416442871094
42.103416442871094
41.60530090332031
41.60530090332031
41.60530090332031
42.15654373168945
42.15654373168945
42.15654373168945
41.50193786621094
41.50193786621094
41.50193786621094
41.50193786621094
42.777286529541016
42.777286529541016
42.777286529541016
42.076900482177734
42.076900482177734
42.076900482177734
41.865989685058594
41.865989685058594
41.865989685058594
42.5864372253418
42.5864372253418
42.5864372253418
41.89223861694336
41.89223861694336
41.89223861694336
42.12996292114258
42.12996292114258
42.12996292114258
42.12996292114258
42.64079284667969
42.64079284667969
42.64079284667969
41.52772903442383
41.52772903442383
41.52772903442383
42.12996292114258
42.12996292114258
42.12996292114258
41.60530090332031
41.60530090332031
41.60530090332031
42.23648452758789
42.23648452758789
42.23648452758789
42.23648452758789
41.42475128173828
41.42475128173828
41.42475128173828
42.8046875
42.8046875
42.8046875
42.05042266845703
42.05042266845703
42.05042266845703
41.81359100341797
41.81359100341797
41.81359100341797
42.64079284667969
42.64079284667969
42.64079284667969
41.89223861694336
41.89223861694336
41.89223861694336
41.89223861694336
42.12996292114258
42.12996292114258
42.12996292114258
42.61359786987305
42.61359786987305
42.61359786987305
41.50193786621094
41.50193786621094
41.50193786621094
42.18315505981445
42.18315505981445
42.18315505981445
41.57941436767578
41.57941436767578
41.57941436767578
42.12996292114258
42.12996292114258
42.12996292114258
42.12996292114258
41.52772903442383
41.52772903442383
41.52772903442383
42.74991989135742
42.74991989135742
42.74991989135742
42.103416442871094
42.103416442871094
42.103416442871094
41.78744125366211
41.78744125366211
41.78744125366211
42.64079284667969
42.64079284667969
42.64079284667969
42.64079284667969
41.918521881103516
41.918521881103516
41.918521881103516
42.103416442871094
42.103416442871094
42.103416442871094
42.66801834106445
42.66801834106445
42.66801834106445
41.52772903442383
41.52772903442383
41.52772903442383
42.12996292114258
42.12996292114258
42.12996292114258
41.60530090332031
41.60530090332031
41.60530090332031
41.60530090332031
42.209800720214844
42.209800720214844
42.209800720214844
41.42475128173828
41.42475128173828
41.42475128173828
42.8046875
42.8046875
42.8046875
42.076900482177734
42.076900482177734
42.076900482177734
41.81359100341797
41.81359100341797
41.81359100341797
42.64079284667969
42.64079284667969
42.64079284667969
42.64079284667969
41.89223861694336
41.89223861694336
41.89223861694336
42.15654373168945
42.15654373168945
42.15654373168945
42.64079284667969
42.64079284667969
42.64079284667969
41.60530090332031
41.60530090332031
41.60530090332031
42.076900482177734
42.076900482177734
42.076900482177734
42.076900482177734
41.631229400634766
41.631229400634766
41.631229400634766
42.18315505981445
42.18315505981445
42.18315505981445
41.50193786621094
41.50193786621094
41.50193786621094
42.83212661743164
42.83212661743164
42.83212661743164
42.103416442871094
42.103416442871094
42.103416442871094
41.83977508544922
41.83977508544922
41.83977508544922
41.83977508544922
42.69528579711914
42.69528579711914
42.69528579711914
41.89223861694336
41.89223861694336
41.89223861694336
42.18315505981445
42.18315505981445
42.18315505981445
42.66801834106445
42.66801834106445
42.66801834106445
41.57941436767578
41.57941436767578
41.57941436767578
42.15654373168945
42.15654373168945
42.15654373168945
42.15654373168945
41.631229400634766
41.631229400634766
41.631229400634766
42.23648452758789
42.23648452758789
42.23648452758789
41.47617721557617
41.47617721557617
41.47617721557617
42.777286529541016
42.777286529541016
42.777286529541016
42.103416442871094
42.103416442871094
42.103416442871094
42.103416442871094
41.83977508544922
41.83977508544922
41.83977508544922
42.66801834106445
42.66801834106445
42.66801834106445
41.9448356628418
41.9448356628418
41.9448356628418
42.18315505981445
42.18315505981445
42.18315505981445
42.64079284667969
42.64079284667969
42.64079284667969
41.57941436767578
41.57941436767578
41.57941436767578
41.57941436767578
42.12996292114258
42.12996292114258
42.12996292114258
41.631229400634766
41.631229400634766
41.631229400634766
42.18315505981445
42.18315505981445
42.18315505981445
41.50193786621094
41.50193786621094
41.50193786621094
42.83212661743164
42.83212661743164
42.83212661743164
42.12996292114258
42.12996292114258
42.12996292114258
42.12996292114258
41.81359100341797
41.81359100341797
41.81359100341797
42.69528579711914
42.69528579711914
42.69528579711914
41.9448356628418
41.9448356628418
41.9448356628418
42.15654373168945
42.15654373168945
42.15654373168945
42.69528579711914
42.69528579711914
42.69528579711914
41.553558349609375
41.553558349609375
41.553558349609375
41.553558349609375
42.18315505981445
42.18315505981445
42.18315505981445
41.65718078613281
41.65718078613281
41.65718078613281
42.15654373168945
42.15654373168945
42.15654373168945
41.553558349609375
41.553558349609375
41.553558349609375
42.85960388183594
42.85960388183594
42.85960388183594
42.076900482177734
42.076900482177734
42.076900482177734
42.076900482177734
41.83977508544922
41.83977508544922
41.83977508544922
42.69528579711914
42.69528579711914
42.69528579711914
41.997562408447266
41.997562408447266
41.997562408447266
42.103416442871094
42.103416442871094
42.103416442871094
42.72258377075195
42.72258377075195
42.72258377075195
42.72258377075195
41.52772903442383
41.52772903442383
41.52772903442383
42.18315505981445
42.18315505981445
42.18315505981445
41.65718078613281
41.65718078613281
41.65718078613281
42.23648452758789
42.23648452758789
42.23648452758789
41.52772903442383
41.52772903442383
41.52772903442383
42.88711166381836
42.88711166381836
42.88711166381836
42.88711166381836
42.103416442871094
42.103416442871094
42.103416442871094
41.865989685058594
41.865989685058594
41.865989685058594
42.66801834106445
42.66801834106445
42.66801834106445
41.9448356628418
41.9448356628418
41.9448356628418
42.12996292114258
42.12996292114258
42.12996292114258
42.69528579711914
42.69528579711914
42.69528579711914
42.69528579711914
41.57941436767578
41.57941436767578
41.57941436767578
42.209800720214844
42.209800720214844
42.209800720214844
41.57941436767578
41.57941436767578
41.57941436767578
42.18315505981445
42.18315505981445
42.18315505981445
41.52772903442383
41.52772903442383
41.52772903442383
42.777286529541016
42.777286529541016
42.777286529541016
42.777286529541016
42.18315505981445
42.18315505981445
42.18315505981445
41.83977508544922
41.83977508544922
41.83977508544922
42.69528579711914
42.69528579711914
42.69528579711914
41.9711799621582
41.9711799621582
41.9711799621582
42.12996292114258
42.12996292114258
42.12996292114258
42.72258377075195
42.72258377075195
42.72258377075195
42.72258377075195
41.553558349609375
41.553558349609375
41.553558349609375
42.15654373168945
42.15654373168945
42.15654373168945
41.65718078613281
41.65718078613281
41.65718078613281
42.209800720214844
42.209800720214844
42.209800720214844
41.52772903442383
41.52772903442383
41.52772903442383
41.52772903442383
42.85960388183594
42.85960388183594
42.85960388183594
42.12996292114258
42.12996292114258
42.12996292114258
41.865989685058594
41.865989685058594
41.865989685058594
42.72258377075195
42.72258377075195
42.72258377075195
41.9448356628418
41.9448356628418
41.9448356628418
42.209800720214844
42.209800720214844
42.209800720214844
42.209800720214844
42.69528579711914
42.69528579711914
42.69528579711914
41.57941436767578
41.57941436767578
41.57941436767578
42.209800720214844
42.209800720214844
42.209800720214844
41.65718078613281
41.65718078613281
41.65718078613281
42.23648452758789
42.23648452758789
42.23648452758789
41.553558349609375
41.553558349609375
41.553558349609375
41.553558349609375
42.85960388183594
42.85960388183594
42.85960388183594
42.12996292114258
42.12996292114258
42.12996292114258
41.865989685058594
41.865989685058594
41.865989685058594
42.69528579711914
42.69528579711914
42.69528579711914
41.9448356628418
41.9448356628418
41.9448356628418
42.23648452758789
42.23648452758789
42.23648452758789
42.23648452758789
42.66801834106445
42.66801834106445
42.66801834106445
41.65718078613281
41.65718078613281
41.65718078613281
42.12996292114258
42.12996292114258
42.12996292114258
41.65718078613281
41.65718078613281
41.65718078613281
42.26319885253906
42.26319885253906
42.26319885253906
42.26319885253906
41.52772903442383
41.52772903442383
41.52772903442383
42.88711166381836
42.88711166381836
42.88711166381836
42.12996292114258
42.12996292114258
42.12996292114258
41.865989685058594
41.865989685058594
41.865989685058594
42.72258377075195
42.72258377075195
42.72258377075195
41.9711799621582
41.9711799621582
41.9711799621582
41.9711799621582
42.18315505981445
42.18315505981445
42.18315505981445
42.66801834106445
42.66801834106445
42.66801834106445
41.65718078613281
41.65718078613281
41.65718078613281
42.12996292114258
42.12996292114258
42.12996292114258
41.65718078613281
41.65718078613281
41.65718078613281
42.23648452758789
42.23648452758789
42.23648452758789
42.23648452758789
41.52772903442383
41.52772903442383
41.52772903442383
42.85960388183594
42.85960388183594
42.85960388183594
42.12996292114258
42.12996292114258
42.12996292114258
41.89223861694336
41.89223861694336
41.89223861694336
42.69528579711914
42.69528579711914
42.69528579711914
41.9711799621582
41.9711799621582
41.9711799621582
41.9711799621582
42.18315505981445
42.18315505981445
42.18315505981445
42.72258377075195
42.72258377075195
42.72258377075195
41.60530090332031
41.60530090332031
41.60530090332031
42.18315505981445
42.18315505981445
42.18315505981445
41.70918655395508
41.70918655395508
41.70918655395508
42.23648452758789
42.23648452758789
42.23648452758789
42.23648452758789
41.57941436767578
41.57941436767578
41.57941436767578
42.85960388183594
42.85960388183594
42.85960388183594
42.18315505981445
42.18315505981445
42.18315505981445
41.83977508544922
41.83977508544922
41.83977508544922
42.72258377075195
42.72258377075195
42.72258377075195
41.9448356628418
41.9448356628418
41.9448356628418
41.9448356628418
42.15654373168945
42.15654373168945
42.15654373168945
42.8046875
42.8046875
42.8046875
41.47617721557617
41.47617721557617
41.47617721557617
42.18315505981445
42.18315505981445
42.18315505981445
41.65718078613281
41.65718078613281
41.65718078613281
41.65718078613281
42.23648452758789
42.23648452758789
42.23648452758789
41.50193786621094
41.50193786621094
41.50193786621094
42.85960388183594
42.85960388183594
42.85960388183594
42.12996292114258
42.12996292114258
42.12996292114258
41.83977508544922
41.83977508544922
41.83977508544922
42.69528579711914
42.69528579711914
42.69528579711914
42.69528579711914
41.9448356628418
41.9448356628418
41.9448356628418
42.18315505981445
42.18315505981445
42.18315505981445
42.66801834106445
42.66801834106445
42.66801834106445
41.57941436767578
41.57941436767578
41.57941436767578
42.15654373168945
42.15654373168945
42.15654373168945
41.631229400634766
41.631229400634766
41.631229400634766
41.631229400634766
42.23648452758789
42.23648452758789
42.23648452758789
41.47617721557617
41.47617721557617
41.47617721557617
42.83212661743164
42.83212661743164
42.83212661743164
42.103416442871094
42.103416442871094
42.103416442871094
41.83977508544922
41.83977508544922
41.83977508544922
42.69528579711914
42.69528579711914
42.69528579711914
42.69528579711914
41.9448356628418
41.9448356628418
41.9448356628418
42.15654373168945
42.15654373168945
42.15654373168945
42.69528579711914
42.69528579711914
42.69528579711914
41.553558349609375
41.553558349609375
41.553558349609375
42.18315505981445
42.18315505981445
42.18315505981445
42.18315505981445
41.65718078613281
41.65718078613281
41.65718078613281
42.18315505981445
42.18315505981445
42.18315505981445
41.57941436767578
41.57941436767578
41.57941436767578
42.83212661743164
42.83212661743164
42.83212661743164
42.103416442871094
42.103416442871094
42.103416442871094
41.865989685058594
41.865989685058594
41.865989685058594
41.865989685058594
42.69528579711914
42.69528579711914
42.69528579711914
41.9711799621582
41.9711799621582
41.9711799621582
42.15654373168945
42.15654373168945
42.15654373168945
42.69528579711914
42.69528579711914
42.69528579711914
41.57941436767578
41.57941436767578
41.57941436767578
42.18315505981445
42.18315505981445
42.18315505981445
42.18315505981445
41.65718078613281
41.65718078613281
41.65718078613281
42.23648452758789
42.23648452758789
42.23648452758789
41.553558349609375
41.553558349609375
41.553558349609375
42.85960388183594
42.85960388183594
42.85960388183594
42.12996292114258
42.12996292114258
42.12996292114258
41.83977508544922
41.83977508544922
41.83977508544922
41.83977508544922
42.69528579711914
42.69528579711914
42.69528579711914
41.9448356628418
41.9448356628418
41.9448356628418
42.18315505981445
42.18315505981445
42.18315505981445
42.69528579711914
42.69528579711914
42.69528579711914
41.57941436767578
41.57941436767578
41.57941436767578
42.18315505981445
42.18315505981445
42.18315505981445
42.18315505981445
41.631229400634766
41.631229400634766
41.631229400634766
42.209800720214844
42.209800720214844
42.209800720214844
41.52772903442383
41.52772903442383
41.52772903442383
42.88711166381836
42.88711166381836
42.88711166381836
42.076900482177734
42.076900482177734
42.076900482177734
42.076900482177734
41.865989685058594
41.865989685058594
41.865989685058594
42.66801834106445
42.66801834106445
42.66801834106445
41.9711799621582
41.9711799621582
41.9711799621582
42.12996292114258
42.12996292114258
42.12996292114258
42.72258377075195
42.72258377075195
42.72258377075195
41.553558349609375
41.553558349609375
41.553558349609375
41.553558349609375
42.209800720214844
42.209800720214844
42.209800720214844
41.60530090332031
41.60530090332031
41.60530090332031
42.26319885253906
42.26319885253906
42.26319885253906
41.47617721557617
41.47617721557617
41.47617721557617
42.83212661743164
42.83212661743164
42.83212661743164
42.103416442871094
42.103416442871094
42.103416442871094
42.103416442871094
41.83977508544922
41.83977508544922
41.83977508544922
42.72258377075195
42.72258377075195
42.72258377075195
41.9448356628418
41.9448356628418
41.9448356628418
42.15654373168945
42.15654373168945
42.15654373168945
42.69528579711914
42.69528579711914
42.69528579711914
41.57941436767578
41.57941436767578
41.57941436767578
41.57941436767578
42.15654373168945
42.15654373168945
42.15654373168945
41.65718078613281
41.65718078613281
41.65718078613281
42.209800720214844
42.209800720214844
42.209800720214844
41.52772903442383
41.52772903442383
41.52772903442383
42.8046875
42.8046875
42.8046875
42.103416442871094
42.103416442871094
42.103416442871094
42.103416442871094
41.83977508544922
41.83977508544922
41.83977508544922
42.69528579711914
42.69528579711914
42.69528579711914
41.9448356628418
41.9448356628418
41.9448356628418
42.12996292114258
42.12996292114258
42.12996292114258
42.66801834106445
42.66801834106445
42.66801834106445
42.66801834106445
41.57941436767578
41.57941436767578
41.57941436767578
42.15654373168945
42.15654373168945
42.15654373168945
41.683170318603516
41.683170318603516
41.683170318603516
42.15654373168945
42.15654373168945
42.15654373168945
41.52772903442383
41.52772903442383
41.52772903442383
42.85960388183594
42.85960388183594
42.85960388183594
42.85960388183594
42.103416442871094
42.103416442871094
42.103416442871094
41.865989685058594
41.865989685058594
41.865989685058594
42.72258377075195
42.72258377075195
42.72258377075195
41.865989685058594
41.865989685058594
41.865989685058594
42.18315505981445
42.18315505981445
42.18315505981445
42.69528579711914
42.69528579711914
42.69528579711914
42.69528579711914
41.57941436767578
41.57941436767578
41.57941436767578
42.15654373168945
42.15654373168945
42.15654373168945
41.65718078613281
41.65718078613281
41.65718078613281
42.23648452758789
42.23648452758789
42.23648452758789
41.57941436767578
41.57941436767578
41.57941436767578
42.777286529541016
42.777286529541016
42.777286529541016
42.777286529541016
42.209800720214844
42.209800720214844
42.209800720214844
41.865989685058594
41.865989685058594
41.865989685058594
42.69528579711914
42.69528579711914
42.69528579711914
41.918521881103516
41.918521881103516
41.918521881103516
42.209800720214844
42.209800720214844
42.209800720214844
42.72258377075195
42.72258377075195
42.72258377075195
42.72258377075195
41.57941436767578
41.57941436767578
41.57941436767578
42.15654373168945
42.15654373168945
42.15654373168945
41.65718078613281
41.65718078613281
41.65718078613281
42.209800720214844
42.209800720214844
42.209800720214844
41.52772903442383
41.52772903442383
41.52772903442383
41.52772903442383
42.85960388183594
42.85960388183594
42.85960388183594
42.103416442871094
42.103416442871094
42.103416442871094
41.89223861694336
41.89223861694336
41.89223861694336
42.69528579711914
42.69528579711914
42.69528579711914
41.997562408447266
41.997562408447266
41.997562408447266
42.209800720214844
42.209800720214844
42.209800720214844
42.209800720214844
42.69528579711914
42.69528579711914
42.69528579711914
41.631229400634766
41.631229400634766
41.631229400634766
42.18315505981445
42.18315505981445
42.18315505981445
41.7352409362793
41.7352409362793
41.7352409362793
42.26319885253906
42.26319885253906
42.26319885253906
41.47617721557617
41.47617721557617
41.47617721557617
41.47617721557617
42.94223403930664
42.94223403930664
42.94223403930664
42.15654373168945
42.15654373168945
42.15654373168945
41.865989685058594
41.865989685058594
41.865989685058594
42.72258377075195
42.72258377075195
42.72258377075195
41.9711799621582
41.9711799621582
41.9711799621582
42.18315505981445
42.18315505981445
42.18315505981445
42.18315505981445
42.72258377075195
42.72258377075195
42.72258377075195
41.57941436767578
41.57941436767578
41.57941436767578
42.18315505981445
42.18315505981445
42.18315505981445
41.683170318603516
41.683170318603516
41.683170318603516
42.209800720214844
42.209800720214844
42.209800720214844
42.209800720214844
41.553558349609375
41.553558349609375
41.553558349609375
42.83212661743164
42.83212661743164
42.83212661743164
42.15654373168945
42.15654373168945
42.15654373168945
41.89223861694336
41.89223861694336
41.89223861694336
42.66801834106445
42.66801834106445
42.66801834106445
41.9711799621582
41.9711799621582
41.9711799621582
42.18315505981445
42.18315505981445
42.18315505981445
42.18315505981445
42.69528579711914
42.69528579711914
42.69528579711914
41.57941436767578
41.57941436767578
41.57941436767578
42.18315505981445
42.18315505981445
42.18315505981445
41.631229400634766
41.631229400634766
41.631229400634766
42.23648452758789
42.23648452758789
42.23648452758789
42.23648452758789
41.57941436767578
41.57941436767578
41.57941436767578
42.8046875
42.8046875
42.8046875
42.15654373168945
42.15654373168945
42.15654373168945
41.865989685058594
41.865989685058594
41.865989685058594
42.69528579711914
42.69528579711914
42.69528579711914
41.9448356628418
41.9448356628418
41.9448356628418
41.9448356628418
42.18315505981445
42.18315505981445
42.18315505981445
42.72258377075195
42.72258377075195
42.72258377075195
41.60530090332031
41.60530090332031
41.60530090332031
42.18315505981445
42.18315505981445
42.18315505981445
41.683170318603516
41.683170318603516
41.683170318603516
42.23648452758789
42.23648452758789
42.23648452758789
42.23648452758789
41.57941436767578
41.57941436767578
41.57941436767578
42.88711166381836
42.88711166381836
42.88711166381836
42.18315505981445
42.18315505981445
42.18315505981445
41.89223861694336
41.89223861694336
41.89223861694336
42.74991989135742
42.74991989135742
42.74991989135742
41.9711799621582
41.9711799621582
41.9711799621582
41.9711799621582
42.18315505981445
42.18315505981445
42.18315505981445
42.74991989135742
42.74991989135742
42.74991989135742
41.60530090332031
41.60530090332031
41.60530090332031
42.209800720214844
42.209800720214844
42.209800720214844
41.683170318603516
41.683170318603516
41.683170318603516
42.23648452758789
42.23648452758789
42.23648452758789
42.23648452758789
41.57941436767578
41.57941436767578
41.57941436767578
42.83212661743164
42.83212661743164
42.83212661743164
42.15654373168945
42.15654373168945
42.15654373168945
41.865989685058594
41.865989685058594
41.865989685058594
42.72258377075195
42.72258377075195
42.72258377075195
41.9711799621582
41.9711799621582
41.9711799621582
41.9711799621582
42.209800720214844
42.209800720214844
42.209800720214844
42.66801834106445
42.66801834106445
42.66801834106445
41.65718078613281
41.65718078613281
41.65718078613281
42.12996292114258
42.12996292114258
42.12996292114258
41.70918655395508
41.70918655395508
41.70918655395508
41.70918655395508
42.209800720214844
42.209800720214844
42.209800720214844
41.52772903442383
41.52772903442383
41.52772903442383
42.91465377807617
42.91465377807617
42.91465377807617
42.15654373168945
42.15654373168945
42.15654373168945
41.865989685058594
41.865989685058594
41.865989685058594
42.777286529541016
42.777286529541016
42.777286529541016
42.777286529541016
41.918521881103516
41.918521881103516
41.918521881103516
42.18315505981445
42.18315505981445
42.18315505981445
42.72258377075195
42.72258377075195
42.72258377075195
41.60530090332031
41.60530090332031
41.60530090332031
42.209800720214844
42.209800720214844
42.209800720214844
41.683170318603516
41.683170318603516
41.683170318603516
41.683170318603516
42.23648452758789
42.23648452758789
42.23648452758789
41.52772903442383
41.52772903442383
41.52772903442383
42.88711166381836
42.88711166381836
42.88711166381836
42.15654373168945
42.15654373168945
42.15654373168945
41.89223861694336
41.89223861694336
41.89223861694336
42.74991989135742
42.74991989135742
42.74991989135742
42.74991989135742
41.997562408447266
41.997562408447266
41.997562408447266
42.209800720214844
42.209800720214844
42.209800720214844
42.72258377075195
42.72258377075195
42.72258377075195
41.631229400634766
41.631229400634766
41.631229400634766
42.26319885253906
42.26319885253906
42.26319885253906
41.65718078613281
41.65718078613281
41.65718078613281
41.65718078613281
42.289947509765625
42.289947509765625
42.289947509765625
41.553558349609375
41.553558349609375
41.553558349609375
42.88711166381836
42.88711166381836
42.88711166381836
42.23648452758789
42.23648452758789
42.23648452758789
41.89223861694336
41.89223861694336
41.89223861694336
42.74991989135742
42.74991989135742
42.74991989135742
42.74991989135742
41.997562408447266
41.997562408447266
41.997562408447266
42.209800720214844
42.209800720214844
42.209800720214844
42.777286529541016
42.777286529541016
42.777286529541016
41.631229400634766
41.631229400634766
41.631229400634766
42.23648452758789
42.23648452758789
42.23648452758789
41.70918655395508
41.70918655395508
41.70918655395508
41.70918655395508
42.26319885253906
42.26319885253906
42.26319885253906
41.65718078613281
41.65718078613281
41.65718078613281
42.85960388183594
42.85960388183594
42.85960388183594
42.18315505981445
42.18315505981445
42.18315505981445
41.918521881103516
41.918521881103516
41.918521881103516
42.74991989135742
42.74991989135742
42.74991989135742
42.74991989135742
41.997562408447266
41.997562408447266
41.997562408447266
42.209800720214844
42.209800720214844
42.209800720214844
42.74991989135742
42.74991989135742
42.74991989135742
41.631229400634766
41.631229400634766
41.631229400634766
42.209800720214844
42.209800720214844
42.209800720214844
42.209800720214844
41.683170318603516
41.683170318603516
41.683170318603516
42.23648452758789
42.23648452758789
42.23648452758789
41.60530090332031
41.60530090332031
41.60530090332031
42.88711166381836
42.88711166381836
42.88711166381836
42.15654373168945
42.15654373168945
42.15654373168945
41.89223861694336
41.89223861694336
41.89223861694336
42.72258377075195
42.72258377075195
42.72258377075195
42.72258377075195
41.997562408447266
41.997562408447266
41.997562408447266
42.18315505981445
42.18315505981445
42.18315505981445
42.74991989135742
42.74991989135742
42.74991989135742
41.60530090332031
41.60530090332031
41.60530090332031
42.23648452758789
42.23648452758789
42.23648452758789
42.23648452758789
41.70918655395508
41.70918655395508
41.70918655395508
42.23648452758789
42.23648452758789
42.23648452758789
41.57941436767578
41.57941436767578
41.57941436767578
42.91465377807617
42.91465377807617
42.91465377807617
42.18315505981445
42.18315505981445
42.18315505981445
41.918521881103516
41.918521881103516
41.918521881103516
41.918521881103516
42.777286529541016
42.777286529541016
42.777286529541016
41.997562408447266
41.997562408447266
41.997562408447266
42.26319885253906
42.26319885253906
42.26319885253906
42.74991989135742
42.74991989135742
42.74991989135742
41.683170318603516
41.683170318603516
41.683170318603516
42.289947509765625
42.289947509765625
42.289947509765625
42.289947509765625
41.76132583618164
41.76132583618164
41.76132583618164
42.18315505981445
42.18315505981445
42.18315505981445
41.60530090332031
41.60530090332031
41.60530090332031
42.94223403930664
42.94223403930664
42.94223403930664
42.209800720214844
42.209800720214844
42.209800720214844
41.918521881103516
41.918521881103516
41.918521881103516
41.918521881103516
42.8046875
42.8046875
42.8046875
41.997562408447266
41.997562408447266
41.997562408447266
42.23648452758789
42.23648452758789
42.23648452758789
42.777286529541016
42.777286529541016
42.777286529541016
41.7352409362793
41.7352409362793
41.7352409362793
42.209800720214844
42.209800720214844
42.209800720214844
42.209800720214844
41.7352409362793
41.7352409362793
41.7352409362793
42.289947509765625
42.289947509765625
42.289947509765625
41.631229400634766
41.631229400634766
41.631229400634766
42.91465377807617
42.91465377807617
42.91465377807617
42.209800720214844
42.209800720214844
42.209800720214844
41.997562408447266
41.997562408447266
41.997562408447266
41.997562408447266
42.74991989135742
42.74991989135742
42.74991989135742
42.02397918701172
42.02397918701172
42.02397918701172
42.23648452758789
42.23648452758789
42.23648452758789
42.8046875
42.8046875
42.8046875
41.683170318603516
41.683170318603516
41.683170318603516
42.26319885253906
42.26319885253906
42.26319885253906
42.26319885253906
41.76132583618164
41.76132583618164
41.76132583618164
42.289947509765625
42.289947509765625
42.289947509765625
41.631229400634766
41.631229400634766
41.631229400634766
42.94223403930664
42.94223403930664
42.94223403930664
42.23648452758789
42.23648452758789
42.23648452758789
41.918521881103516
41.918521881103516
41.918521881103516
41.918521881103516
42.8046875
42.8046875
42.8046875
42.05042266845703
42.05042266845703
42.05042266845703
42.23648452758789
42.23648452758789
42.23648452758789
42.8046875
42.8046875
42.8046875
41.683170318603516
41.683170318603516
41.683170318603516
42.26319885253906
42.26319885253906
42.26319885253906
42.26319885253906
41.76132583618164
41.76132583618164
41.76132583618164
42.289947509765625
42.289947509765625
42.289947509765625
41.631229400634766
41.631229400634766
41.631229400634766
42.94223403930664
42.94223403930664
42.94223403930664
42.209800720214844
42.209800720214844
42.209800720214844
41.9448356628418
41.9448356628418
41.9448356628418
41.9448356628418
42.777286529541016
42.777286529541016
42.777286529541016
42.02397918701172
42.02397918701172
42.02397918701172
42.23648452758789
42.23648452758789
42.23648452758789
42.8046875
42.8046875
42.8046875
41.65718078613281
41.65718078613281
41.65718078613281
42.26319885253906
42.26319885253906
42.26319885253906
42.26319885253906
41.7352409362793
41.7352409362793
41.7352409362793
42.31672668457031
42.31672668457031
42.31672668457031
41.60530090332031
41.60530090332031
41.60530090332031
42.91465377807617
42.91465377807617
42.91465377807617
42.209800720214844
42.209800720214844
42.209800720214844
41.918521881103516
41.918521881103516
41.918521881103516
41.918521881103516
42.777286529541016
42.777286529541016
42.777286529541016
42.02397918701172
42.02397918701172
42.02397918701172
42.23648452758789
42.23648452758789
42.23648452758789
42.74991989135742
42.74991989135742
42.74991989135742
41.65718078613281
41.65718078613281
41.65718078613281
42.26319885253906
42.26319885253906
42.26319885253906
42.26319885253906
41.76132583618164
41.76132583618164
41.76132583618164
42.26319885253906
42.26319885253906
42.26319885253906
41.60530090332031
41.60530090332031
41.60530090332031
42.94223403930664
42.94223403930664
42.94223403930664
42.209800720214844
42.209800720214844
42.209800720214844
41.918521881103516
41.918521881103516
41.918521881103516
41.918521881103516
42.777286529541016
42.777286529541016
42.777286529541016
42.02397918701172
42.02397918701172
42.02397918701172
42.23648452758789
42.23648452758789
42.23648452758789
42.777286529541016
42.777286529541016
42.777286529541016
41.65718078613281
41.65718078613281
41.65718078613281
42.23648452758789
42.23648452758789
42.23648452758789
42.23648452758789
41.7352409362793
41.7352409362793
41.7352409362793
42.26319885253906
42.26319885253906
42.26319885253906
41.60530090332031
41.60530090332031
41.60530090332031
42.91465377807617
42.91465377807617
42.91465377807617
42.23648452758789
42.23648452758789
42.23648452758789
41.89223861694336
41.89223861694336
41.89223861694336
41.89223861694336
42.8046875
42.8046875
42.8046875
42.02397918701172
42.02397918701172
42.02397918701172
42.23648452758789
42.23648452758789
42.23648452758789
42.777286529541016
42.777286529541016
42.777286529541016
41.65718078613281
41.65718078613281
41.65718078613281
42.289947509765625
42.289947509765625
42.289947509765625
42.289947509765625
41.7352409362793
41.7352409362793
41.7352409362793
42.289947509765625
42.289947509765625
42.289947509765625
41.631229400634766
41.631229400634766
41.631229400634766
42.94223403930664
42.94223403930664
42.94223403930664
42.23648452758789
42.23648452758789
42.23648452758789
41.9448356628418
41.9448356628418
41.9448356628418
41.9448356628418
42.777286529541016
42.777286529541016
42.777286529541016
42.02397918701172
42.02397918701172
42.02397918701172
42.26319885253906
42.26319885253906
42.26319885253906
42.8046875
42.8046875
42.8046875
41.65718078613281
41.65718078613281
41.65718078613281
42.289947509765625
42.289947509765625
42.289947509765625
42.289947509765625
41.76132583618164
41.76132583618164
41.76132583618164
42.31672668457031
42.31672668457031
42.31672668457031
41.60530090332031
41.60530090332031
41.60530090332031
42.94223403930664
42.94223403930664
42.94223403930664
42.209800720214844
42.209800720214844
42.209800720214844
41.9448356628418
41.9448356628418
41.9448356628418
42.777286529541016
42.777286529541016
42.777286529541016
42.777286529541016
42.05042266845703
42.05042266845703
42.05042266845703
42.23648452758789
42.23648452758789
42.23648452758789
42.85960388183594
42.85960388183594
42.85960388183594
41.60530090332031
41.60530090332031
41.60530090332031
42.289947509765625
42.289947509765625
42.289947509765625
42.289947509765625
41.70918655395508
41.70918655395508
41.70918655395508
42.289947509765625
42.289947509765625
42.289947509765625
41.65718078613281
41.65718078613281
41.65718078613281
42.91465377807617
42.91465377807617
42.91465377807617
42.18315505981445
42.18315505981445
42.18315505981445
41.918521881103516
41.918521881103516
41.918521881103516
42.74991989135742
42.74991989135742
42.74991989135742
42.74991989135742
42.076900482177734
42.076900482177734
42.076900482177734
42.209800720214844
42.209800720214844
42.209800720214844
42.777286529541016
42.777286529541016
42.777286529541016
41.65718078613281
41.65718078613281
41.65718078613281
42.23648452758789
42.23648452758789
42.23648452758789
42.23648452758789
41.76132583618164
41.76132583618164
41.76132583618164
42.289947509765625
42.289947509765625
42.289947509765625
41.60530090332031
41.60530090332031
41.60530090332031
42.91465377807617
42.91465377807617
42.91465377807617
42.209800720214844
42.209800720214844
42.209800720214844
41.9448356628418
41.9448356628418
41.9448356628418
42.777286529541016
42.777286529541016
42.777286529541016
42.777286529541016
41.997562408447266
41.997562408447266
41.997562408447266
42.26319885253906
42.26319885253906
42.26319885253906
42.74991989135742
42.74991989135742
42.74991989135742
41.683170318603516
41.683170318603516
41.683170318603516
42.23648452758789
42.23648452758789
42.23648452758789
42.23648452758789
41.76132583618164
41.76132583618164
41.76132583618164
42.289947509765625
42.289947509765625
42.289947509765625
41.60530090332031
41.60530090332031
41.60530090332031
42.91465377807617
42.91465377807617
42.91465377807617
42.209800720214844
42.209800720214844
42.209800720214844
41.9448356628418
41.9448356628418
41.9448356628418
42.8046875
42.8046875
42.8046875
42.8046875
41.997562408447266
41.997562408447266
41.997562408447266
42.23648452758789
42.23648452758789
42.23648452758789
42.8046875
42.8046875
42.8046875
41.631229400634766
41.631229400634766
41.631229400634766
42.23648452758789
42.23648452758789
42.23648452758789
42.23648452758789
41.76132583618164
41.76132583618164
41.76132583618164
42.289947509765625
42.289947509765625
42.289947509765625
41.60530090332031
41.60530090332031
41.60530090332031
42.91465377807617
42.91465377807617
42.91465377807617
42.18315505981445
42.18315505981445
42.18315505981445
41.9448356628418
41.9448356628418
41.9448356628418
41.9448356628418
42.74991989135742
42.74991989135742
42.74991989135742
41.997562408447266
41.997562408447266
41.997562408447266
42.209800720214844
42.209800720214844
42.209800720214844
42.777286529541016
42.777286529541016
42.777286529541016
41.65718078613281
41.65718078613281
41.65718078613281
42.23648452758789
42.23648452758789
42.23648452758789
42.23648452758789
41.7352409362793
41.7352409362793
41.7352409362793
42.26319885253906
42.26319885253906
42.26319885253906
41.60530090332031
41.60530090332031
41.60530090332031
42.88711166381836
42.88711166381836
42.88711166381836
42.209800720214844
42.209800720214844
42.209800720214844
41.9448356628418
41.9448356628418
41.9448356628418
41.9448356628418
42.777286529541016
42.777286529541016
42.777286529541016
42.02397918701172
42.02397918701172
42.02397918701172
42.289947509765625
42.289947509765625
42.289947509765625
42.72258377075195
42.72258377075195
42.72258377075195
41.65718078613281
41.65718078613281
41.65718078613281
42.26319885253906
42.26319885253906
42.26319885253906
42.26319885253906
41.7352409362793
41.7352409362793
41.7352409362793
42.31672668457031
42.31672668457031
42.31672668457031
41.65718078613281
41.65718078613281
41.65718078613281
42.94223403930664
42.94223403930664
42.94223403930664
42.26319885253906
42.26319885253906
42.26319885253906
41.918521881103516
41.918521881103516
41.918521881103516
41.918521881103516
42.8046875
42.8046875
42.8046875
42.076900482177734
42.076900482177734
42.076900482177734
42.26319885253906
42.26319885253906
42.26319885253906
42.777286529541016
42.777286529541016
42.777286529541016
41.70918655395508
41.70918655395508
41.70918655395508
42.26319885253906
42.26319885253906
42.26319885253906
42.26319885253906
41.76132583618164
41.76132583618164
41.76132583618164
42.31672668457031
42.31672668457031
42.31672668457031
41.631229400634766
41.631229400634766
41.631229400634766
42.91465377807617
42.91465377807617
42.91465377807617
42.209800720214844
42.209800720214844
42.209800720214844
41.9448356628418
41.9448356628418
41.9448356628418
42.72258377075195
42.72258377075195
42.72258377075195
42.72258377075195
42.05042266845703
42.05042266845703
42.05042266845703
42.23648452758789
