-0.0
-0.0
-0.0
-0.0
-0.0
-0.0
-0.0
-0.0
0.0
0.0
0.0
0.0
0.0
0.0017179186688736081
0.0017179186688736081
0.0017179186688736081
0.0017179186688736081
0.0017179186688736081
0.0017179186688736081
0.0017179186688736081
0.0017179186688736081
15.44213581085205
15.44213581085205
15.44213581085205
15.44213581085205
15.44213581085205
15.44213581085205
22.59659194946289
22.59659194946289
22.59659194946289
22.59659194946289
22.59659194946289
27.019052505493164
27.019052505493164
27.019052505493164
27.019052505493164
27.019052505493164
30.044118881225586
30.044118881225586
30.044118881225586
30.044118881225586
33.094661712646484
33.094661712646484
33.094661712646484
35.24162292480469
35.24162292480469
35.24162292480469
35.24162292480469
37.79304885864258
37.79304885864258
37.79304885864258
39.30477523803711
39.30477523803711
39.30477523803711
39.30477523803711
42.15654373168945
42.15654373168945
42.15654373168945
43.08066940307617
43.08066940307617
43.08066940307617
44.27973556518555
44.27973556518555
44.27973556518555
46.628135681152344
46.628135681152344
46.92283630371094
46.92283630371094
46.92283630371094
48.38386535644531
48.38386535644531
48.38386535644531
50.08854675292969
50.08854675292969
50.08854675292969
49.827083587646484
49.827083587646484
51.398555755615234
51.398555755615234
51.398555755615234
51.636878967285156
51.636878967285156
53.19913864135742
53.19913864135742
53.19913864135742
53.15681457519531
53.15681457519531
55.49677658081055
55.49677658081055
55.49677658081055
55.31301498413086
55.31301498413086
55.589115142822266
55.589115142822266
57.35460662841797
57.35460662841797
57.35460662841797
57.012046813964844
57.012046813964844
57.80113983154297
57.80113983154297
59.13107681274414
59.13107681274414
59.13107681274414
58.15327835083008
58.15327835083008
59.44672393798828
59.44672393798828
59.07879638671875
59.07879638671875
60.41421127319336
60.41421127319336
59.872867584228516
59.872867584228516
59.872867584228516
62.15639114379883
62.15639114379883
61.470211029052734
61.470211029052734
61.52681350708008
61.52681350708008
63.09548568725586
63.09548568725586
62.38853073120117
62.38853073120117
62.9765510559082
62.9765510559082
64.18647003173828
64.18647003173828
64.18647003173828
62.79898452758789
62.79898452758789
64.00202941894531
64.00202941894531
63.51531982421875
63.51531982421875
64.62100219726562
64.62100219726562
63.87965393066406
63.87965393066406
66.09111785888672
66.09111785888672
65.31584930419922
65.31584930419922
65.06146240234375
65.06146240234375
66.7513656616211
66.7513656616211
65.76586151123047
65.76586151123047
66.35364532470703
66.35364532470703
67.49304962158203
67.49304962158203
65.89558410644531
65.89558410644531
67.01918029785156
67.01918029785156
66.41960144042969
66.41960144042969
67.49304962158203
67.49304962158203
66.6182632446289
66.6182632446289
68.88465881347656
68.88465881347656
67.83565521240234
67.83565521240234
67.62967681884766
67.62967681884766
69.1698989868164
69.1698989868164
68.18175506591797
68.18175506591797
68.67227172851562
68.67227172851562
69.6747817993164
69.6747817993164
68.04289245605469
68.04289245605469
69.1698989868164
69.1698989868164
68.39111328125
69.52978515625
69.52978515625
68.46118927001953
68.46118927001953
70.78190612792969
70.78190612792969
69.60220336914062
69.60220336914062
69.3853759765625
69.3853759765625
70.85697174072266
70.85697174072266
69.82040405273438
69.82040405273438
70.26090240478516
70.26090240478516
71.23466491699219
71.23466491699219
69.52978515625
69.52978515625
70.63226318359375
69.60220336914062
69.60220336914062
71.0831069946289
71.0831069946289
69.82040405273438
69.82040405273438
72.15779113769531
72.15779113769531
70.93218994140625
70.93218994140625
70.55767822265625
70.55767822265625
71.46322631835938
71.46322631835938
67.83565521240234
67.83565521240234
64.5585708618164
64.5585708618164
61.583518981933594
61.583518981933594
55.681766510009766
55.681766510009766
55.681766510009766
52.52996826171875
52.52996826171875
52.52996826171875
47.35515213012695
47.35515213012695
47.35515213012695
43.473079681396484
43.473079681396484
43.473079681396484
37.32855987548828
37.32855987548828
37.32855987548828
37.32855987548828
33.1439094543457
33.1439094543457
33.1439094543457
33.1439094543457
33.1439094543457
33.1439094543457
25.435144424438477
25.435144424438477
25.435144424438477
25.435144424438477
25.435144424438477
25.435144424438477
25.435144424438477
17.704853057861328
17.704853057861328
17.704853057861328
17.704853057861328
17.704853057861328
17.704853057861328
17.704853057861328
19.821453094482422
19.821453094482422
19.821453094482422
19.821453094482422
19.821453094482422
24.656131744384766
24.656131744384766
24.656131744384766
24.656131744384766
24.656131744384766
29.10196876525879
29.10196876525879
29.10196876525879
29.10196876525879
32.40452194213867
32.40452194213867
32.40452194213867
32.40452194213867
34.12569808959961
34.12569808959961
34.12569808959961
34.12569808959961
36.45287322998047
36.45287322998047
36.45287322998047
37.900238037109375
37.900238037109375
37.900238037109375
37.900238037109375
40.03482437133789
40.03482437133789
40.03482437133789
41.11884307861328
41.11884307861328
41.11884307861328
43.815162658691406
43.815162658691406
43.815162658691406
44.545413970947266
44.545413970947266
44.545413970947266
45.60963821411133
45.60963821411133
45.60963821411133
47.8297233581543
47.8297233581543
48.13985824584961
48.13985824584961
48.13985824584961
49.494903564453125
49.494903564453125
49.494903564453125
51.12327575683594
51.12327575683594
50.773643493652344
50.773643493652344
50.773643493652344
52.32429122924805
52.32429122924805
52.57129669189453
52.57129669189453
52.57129669189453
53.972633361816406
53.972633361816406
53.92906951904297
53.92906951904297
53.92906951904297
56.29159164428711
56.29159164428711
55.96157455444336
55.96157455444336
56.3865966796875
56.3865966796875
56.3865966796875
58.0522346496582
58.0522346496582
57.651527404785156
57.651527404785156
58.56101989746094
58.56101989746094
58.56101989746094
59.81926345825195
59.81926345825195
58.81876754760742
58.81876754760742
60.1423225402832
60.1423225402832
59.81926345825195
59.81926345825195
59.81926345825195
61.13277053833008
61.13277053833008
60.52366256713867
60.52366256713867
62.91725158691406
62.91725158691406
62.09862518310547
62.09862518310547
62.27224349975586
62.27224349975586
63.81864547729492
63.81864547729492
63.03596115112305
63.03596115112305
63.757747650146484
63.757747650146484
63.757747650146484
64.87195587158203
64.87195587158203
63.51531982421875
63.51531982421875
64.7462387084961
64.7462387084961
64.12487030029297
64.12487030029297
65.31584930419922
65.31584930419922
64.5585708618164
64.5585708618164
66.7513656616211
66.7513656616211
65.96063232421875
65.96063232421875
65.70120239257812
65.70120239257812
67.35697174072266
67.35697174072266
66.35364532470703
66.35364532470703
66.88500213623047
66.88500213623047
68.04289245605469
68.04289245605469
66.41960144042969
66.41960144042969
67.49304962158203
67.49304962158203
66.88500213623047
66.88500213623047
67.97367095947266
67.97367095947266
67.01918029785156
67.01918029785156
69.24156951904297
69.24156951904297
68.32118225097656
68.32118225097656
67.90459442138672
67.90459442138672
67.62967681884766
67.62967681884766
63.757747650146484
63.757747650146484
59.9803581237793
59.9803581237793
56.72166061401367
56.72166061401367
56.72166061401367
50.61978530883789
50.61978530883789
50.61978530883789
47.02190399169922
47.02190399169922
47.02190399169922
41.45044708251953
41.45044708251953
41.45044708251953
41.45044708251953
36.95692443847656
36.95692443847656
36.95692443847656
36.95692443847656
29.936433792114258
29.936433792114258
29.936433792114258
29.936433792114258
29.936433792114258
29.936433792114258
23.940567016601562
23.940567016601562
23.940567016601562
23.940567016601562
23.940567016601562
23.940567016601562
23.940567016601562
18.89652442932129
18.89652442932129
18.89652442932129
18.89652442932129
18.89652442932129
18.89652442932129
23.46141815185547
23.46141815185547
23.46141815185547
23.46141815185547
28.850656509399414
28.850656509399414
28.850656509399414
28.850656509399414
31.414255142211914
31.414255142211914
31.414255142211914
31.414255142211914
34.26570129394531
34.26570129394531
34.26570129394531
34.26570129394531
36.713253021240234
36.713253021240234
36.713253021240234
37.729034423828125
37.729034423828125
37.729034423828125
37.729034423828125
39.77268981933594
39.77268981933594
39.77268981933594
40.892364501953125
40.892364501953125
40.892364501953125
42.85960388183594
42.85960388183594
42.85960388183594
43.70053482055664
43.70053482055664
43.70053482055664
46.33711242675781
46.33711242675781
46.33711242675781
46.79139709472656
46.79139709472656
46.79139709472656
47.69316482543945
47.69316482543945
47.69316482543945
49.8642692565918
49.8642692565918
49.938804626464844
49.938804626464844
49.938804626464844
51.20162582397461
51.20162582397461
52.77892303466797
52.77892303466797
52.77892303466797
52.32429122924805
52.32429122924805
53.798805236816406
53.798805236816406
53.798805236816406
53.972633361816406
53.972633361816406
55.31301498413086
55.31301498413086
55.31301498413086
55.175987243652344
55.175987243652344
57.60182571411133
57.60182571411133
57.10950469970703
57.10950469970703
57.10950469970703
57.45323944091797
57.45323944091797
59.13107681274414
59.13107681274414
58.66384506225586
58.66384506225586
59.55269241333008
59.55269241333008
59.55269241333008
60.743743896484375
60.743743896484375
59.65903091430664
59.65903091430664
61.021114349365234
61.021114349365234
60.68857192993164
60.68857192993164
61.925968170166016
61.925968170166016
61.925968170166016
61.301025390625
61.301025390625
63.57575607299805
63.57575607299805
62.9765510559082
62.9765510559082
62.91725158691406
62.91725158691406
64.49625396728516
64.49625396728516
63.757747650146484
63.757747650146484
64.4340591430664
64.4340591430664
65.5079574584961
65.5079574584961
64.18647003173828
64.18647003173828
65.25206756591797
65.25206756591797
64.80904388427734
64.80904388427734
65.83065795898438
65.83065795898438
65.83065795898438
65.18840789794922
65.18840789794922
67.35697174072266
67.35697174072266
66.41960144042969
66.41960144042969
66.2878189086914
66.2878189086914
67.83565521240234
67.83565521240234
66.81812286376953
67.35697174072266
67.35697174072266
68.53140258789062
68.53140258789062
66.9520263671875
66.9520263671875
67.97367095947266
67.97367095947266
67.22144317626953
67.22144317626953
66.41960144042969
66.41960144042969
66.41960144042969
61.925968170166016
61.925968170166016
60.19650650024414
60.19650650024414
54.85888671875
54.85888671875
54.85888671875
50.2769889831543
50.2769889831543
50.2769889831543
46.177001953125
46.177001953125
46.177001953125
40.892364501953125
40.892364501953125
40.892364501953125
40.892364501953125
35.390953063964844
35.390953063964844
35.390953063964844
35.390953063964844
29.909631729125977
29.909631729125977
29.909631729125977
29.909631729125977
29.909631729125977
29.909631729125977
29.909631729125977
20.9724178314209
20.9724178314209
20.9724178314209
20.9724178314209
20.9724178314209
20.9724178314209
21.08492088317871
21.08492088317871
21.08492088317871
21.08492088317871
21.08492088317871
25.999269485473633
25.999269485473633
25.999269485473633
25.999269485473633
25.999269485473633
30.138980865478516
30.138980865478516
30.138980865478516
30.138980865478516
32.818328857421875
32.818328857421875
32.818328857421875
36.03997802734375
36.03997802734375
36.03997802734375
36.03997802734375
37.41216278076172
37.41216278076172
37.41216278076172
38.82516860961914
38.82516860961914
38.82516860961914
38.82516860961914
41.32227325439453
41.32227325439453
41.32227325439453
41.89223861694336
41.89223861694336
41.89223861694336
43.61496353149414
43.61496353149414
43.61496353149414
45.57852554321289
45.57852554321289
45.57852554321289
45.70322799682617
45.70322799682617
45.70322799682617
47.523555755615234
47.523555755615234
48.036033630371094
48.036033630371094
48.036033630371094
49.75288009643555
49.75288009643555
49.75288009643555
49.97615432739258
49.97615432739258
52.44750213623047
52.44750213623047
52.44750213623047
52.488704681396484
52.488704681396484
52.94621276855469
52.94621276855469
52.94621276855469
54.81387710571289
54.81387710571289
54.634605407714844
54.634605407714844
54.634605407714844
55.589115142822266
55.589115142822266
56.963443756103516
56.963443756103516
56.149681091308594
56.149681091308594
56.149681091308594
57.55221176147461
57.55221176147461
57.35460662841797
57.35460662841797
58.767032623291016
58.767032623291016
58.767032623291016
58.305511474609375
58.305511474609375
60.63350296020508
60.63350296020508
60.1423225402832
60.1423225402832
60.19650650024414
60.19650650024414
61.98341369628906
61.98341369628906
61.18875503540039
61.18875503540039
61.18875503540039
62.04096603393555
62.04096603393555
63.155120849609375
63.155120849609375
62.04096603393555
62.04096603393555
63.21487045288086
63.21487045288086
62.740020751953125
62.740020751953125
63.9407844543457
63.9407844543457
63.334712982177734
63.334712982177734
65.5079574584961
65.5079574584961
64.4340591430664
64.4340591430664
64.4340591430664
64.93500518798828
64.93500518798828
66.22212219238281
66.22212219238281
65.31584930419922
65.31584930419922
65.89558410644531
65.89558410644531
67.08646392822266
67.08646392822266
65.44380187988281
65.44380187988281
66.68474578857422
66.68474578857422
66.02581024169922
66.02581024169922
67.15389251708984
67.15389251708984
66.2878189086914
66.2878189086914
68.46118927001953
68.46118927001953
67.56129455566406
67.56129455566406
67.22144317626953
67.22144317626953
67.15389251708984
67.15389251708984
63.155120849609375
63.155120849609375
59.49966049194336
59.49966049194336
56.10253143310547
56.10253143310547
56.10253143310547
50.0135612487793
50.0135612487793
50.0135612487793
46.49834060668945
46.49834060668945
46.49834060668945
40.79249954223633
40.79249954223633
40.79249954223633
40.79249954223633
36.215782165527344
36.215782165527344
36.215782165527344
36.215782165527344
29.03873062133789
29.03873062133789
29.03873062133789
29.03873062133789
29.03873062133789
29.03873062133789
22.882917404174805
22.882917404174805
22.882917404174805
22.882917404174805
22.882917404174805
22.882917404174805
22.882917404174805
20.52783966064453
20.52783966064453
20.52783966064453
20.52783966064453
20.52783966064453
25.14795684814453
25.14795684814453
25.14795684814453
25.14795684814453
25.14795684814453
30.19345474243164
30.19345474243164
30.19345474243164
30.19345474243164
32.49908447265625
32.49908447265625
32.49908447265625
35.26021957397461
35.26021957397461
35.26021957397461
35.26021957397461
37.62281036376953
37.62281036376953
37.62281036376953
38.48970031738281
38.48970031738281
38.48970031738281
38.48970031738281
40.520389556884766
40.520389556884766
40.520389556884766
41.50193786621094
41.50193786621094
41.50193786621094
43.44480895996094
43.44480895996094
43.44480895996094
44.16267013549805
44.16267013549805
44.16267013549805
46.72595977783203
46.72595977783203
46.72595977783203
47.18793487548828
47.18793487548828
47.18793487548828
48.070587158203125
48.070587158203125
50.201446533203125
50.201446533203125
50.201446533203125
50.23918533325195
50.23918533325195
51.47774887084961
51.47774887084961
51.47774887084961
53.03025817871094
53.03025817871094
53.03025817871094
52.57129669189453
52.57129669189453
54.01626205444336
54.01626205444336
54.1475830078125
54.1475830078125
54.1475830078125
55.49677658081055
55.49677658081055
55.35884094238281
55.35884094238281
55.35884094238281
57.70131301879883
57.70131301879883
57.35460662841797
57.35460662841797
57.55221176147461
57.55221176147461
57.55221176147461
59.34113693237305
59.34113693237305
58.715396881103516
58.715396881103516
59.60581588745117
59.60581588745117
60.90986251831055
60.90986251831055
59.76576232910156
59.76576232910156
59.76576232910156
61.021114349365234
61.021114349365234
60.68857192993164
60.68857192993164
62.04096603393555
62.04096603393555
61.35731887817383
61.35731887817383
63.696964263916016
63.696964263916016
62.9765510559082
62.9765510559082
62.9765510559082
62.9765510559082
62.9765510559082
64.5585708618164
64.5585708618164
63.757747650146484
63.757747650146484
64.49625396728516
64.49625396728516
65.5722427368164
65.5722427368164
64.2481918334961
64.2481918334961
65.25206756591797
65.25206756591797
64.87195587158203
64.87195587158203
65.96063232421875
65.96063232421875
65.18840789794922
65.18840789794922
67.42494201660156
67.42494201660156
66.48568725585938
66.48568725585938
66.2878189086914
66.2878189086914
67.90459442138672
67.90459442138672
66.88500213623047
66.88500213623047
67.49304962158203
67.49304962158203
68.53140258789062
68.53140258789062
66.9520263671875
66.9520263671875
67.22144317626953
67.22144317626953
63.87965393066406
63.87965393066406
61.41371536254883
61.41371536254883
61.41371536254883
56.10253143310547
56.10253143310547
53.92906951904297
53.92906951904297
53.92906951904297
48.2441291809082
48.2441291809082
48.2441291809082
43.30403137207031
43.30403137207031
43.30403137207031
38.556331634521484
38.556331634521484
38.556331634521484
38.556331634521484
38.556331634521484
32.770042419433594
32.770042419433594
32.770042419433594
32.770042419433594
32.770042419433594
25.92864418029785
25.92864418029785
25.92864418029785
25.92864418029785
25.92864418029785
25.92864418029785
20.515233993530273
20.515233993530273
20.515233993530273
20.515233993530273
20.515233993530273
20.515233993530273
22.781494140625
22.781494140625
22.781494140625
22.781494140625
22.781494140625
27.50848960876465
27.50848960876465
27.50848960876465
27.50848960876465
30.934314727783203
30.934314727783203
30.934314727783203
30.934314727783203
33.98683547973633
33.98683547973633
33.98683547973633
33.98683547973633
35.80821228027344
35.80821228027344
35.80821228027344
38.62318801879883
38.62318801879883
38.62318801879883
38.62318801879883
39.678218841552734
39.678218841552734
39.678218841552734
40.91740036010742
40.91740036010742
40.91740036010742
43.30403137207031
43.30403137207031
43.30403137207031
43.757774353027344
43.757774353027344
43.757774353027344
45.42360305786133
45.42360305786133
45.42360305786133
47.154632568359375
47.154632568359375
47.154632568359375
47.22128677368164
47.22128677368164
48.98688888549805
48.98688888549805
48.98688888549805
49.421688079833984
49.421688079833984
49.421688079833984
51.045162200927734
51.045162200927734
51.20162582397461
51.20162582397461
51.20162582397461
53.6260986328125
53.6260986328125
53.540157318115234
53.540157318115234
53.540157318115234
54.01626205444336
54.01626205444336
55.86799621582031
55.86799621582031
55.86799621582031
55.542911529541016
55.542911529541016
56.52971267700195
56.52971267700195
57.80113983154297
57.80113983154297
57.80113983154297
56.963443756103516
56.963443756103516
58.3564338684082
58.3564338684082
58.15327835083008
58.15327835083008
59.49966049194336
59.49966049194336
59.49966049194336
58.974510192871094
58.974510192871094
61.35731887817383
61.35731887817383
60.743743896484375
60.743743896484375
60.85438919067383
60.85438919067383
62.38853073120117
62.38853073120117
62.38853073120117
61.98341369628906
61.98341369628906
62.505252838134766
62.505252838134766
63.757747650146484
63.757747650146484
62.505252838134766
62.505252838134766
63.696964263916016
63.696964263916016
63.21487045288086
63.21487045288086
64.37198638916016
64.37198638916016
63.696964263916016
63.696964263916016
65.96063232421875
65.96063232421875
64.87195587158203
64.87195587158203
64.87195587158203
65.31584930419922
65.31584930419922
66.6182632446289
66.6182632446289
65.63665771484375
65.63665771484375
66.2878189086914
66.2878189086914
67.35697174072266
67.35697174072266
65.83065795898438
65.83065795898438
67.01918029785156
67.01918029785156
66.2878189086914
66.2878189086914
67.42494201660156
67.42494201660156
66.55191040039062
66.55191040039062
68.81371307373047
68.81371307373047
67.76685333251953
67.76685333251953
65.89558410644531
65.89558410644531
63.81864547729492
63.81864547729492
59.18345260620117
59.18345260620117
55.175987243652344
55.175987243652344
55.175987243652344
51.47774887084961
51.47774887084961
51.47774887084961
45.17790222167969
45.17790222167969
45.17790222167969
40.96757507324219
40.96757507324219
40.96757507324219
40.96757507324219
34.873756408691406
34.873756408691406
34.873756408691406
34.873756408691406
34.873756408691406
29.40938377380371
29.40938377380371
29.40938377380371
29.40938377380371
29.40938377380371
29.40938377380371
20.86110496520996
20.86110496520996
20.86110496520996
20.86110496520996
20.86110496520996
20.86110496520996
21.72240447998047
21.72240447998047
21.72240447998047
21.72240447998047
21.72240447998047
26.483598709106445
26.483598709106445
26.483598709106445
26.483598709106445
26.483598709106445
30.1525821685791
30.1525821685791
30.1525821685791
33.93505096435547
33.93505096435547
33.93505096435547
33.93505096435547
35.636329650878906
35.636329650878906
35.636329650878906
35.636329650878906
37.75035095214844
37.75035095214844
37.75035095214844
39.89141845703125
39.89141845703125
39.89141845703125
40.44680404663086
40.44680404663086
40.44680404663086
40.44680404663086
42.34354782104492
42.34354782104492
42.34354782104492
43.220001220703125
43.220001220703125
43.220001220703125
45.05604934692383
45.05604934692383
45.05604934692383
45.70322799682617
45.70322799682617
48.209320068359375
48.209320068359375
48.209320068359375
48.59499740600586
48.59499740600586
48.59499740600586
49.31226348876953
49.31226348876953
51.43811798095703
51.43811798095703
51.43811798095703
51.43811798095703
51.43811798095703
51.43811798095703
52.57129669189453
52.57129669189453
54.10374069213867
54.10374069213867
53.540157318115234
53.540157318115234
53.540157318115234
55.039634704589844
55.039634704589844
54.99433898925781
54.99433898925781
54.99433898925781
56.3865966796875
56.3865966796875
56.149681091308594
56.149681091308594
58.50973892211914
58.50973892211914
58.50973892211914
58.0522346496582
58.0522346496582
58.305511474609375
58.305511474609375
59.9803581237793
59.9803581237793
59.44672393798828
59.44672393798828
59.44672393798828
60.25078582763672
60.25078582763672
61.52681350708008
61.52681350708008
60.35963439941406
60.35963439941406
61.64033126831055
61.64033126831055
61.301025390625
61.301025390625
61.301025390625
62.44684600830078
62.44684600830078
61.868629455566406
61.868629455566406
64.18647003173828
64.18647003173828
63.45500183105469
63.45500183105469
63.394798278808594
63.394798278808594
65.06146240234375
65.06146240234375
64.18647003173828
64.18647003173828
64.87195587158203
64.87195587158203
65.96063232421875
65.96063232421875
64.62100219726562
64.62100219726562
65.70120239257812
65.70120239257812
65.18840789794922
65.18840789794922
66.2878189086914
66.2878189086914
65.44380187988281
65.44380187988281
67.69819641113281
67.69819641113281
66.81812286376953
66.81812286376953
66.55191040039062
66.55191040039062
68.18175506591797
68.18175506591797
67.15389251708984
67.15389251708984
67.69819641113281
67.69819641113281
67.08646392822266
67.08646392822266
62.214263916015625
62.214263916015625
62.214263916015625
59.49966049194336
59.49966049194336
54.500911712646484
54.500911712646484
54.500911712646484
51.00619888305664
51.00619888305664
51.00619888305664
45.20846939086914
45.20846939086914
45.20846939086914
41.918521881103516
41.918521881103516
41.918521881103516
41.918521881103516
35.484928131103516
35.484928131103516
35.484928131103516
35.484928131103516
29.31905174255371
29.31905174255371
29.31905174255371
29.31905174255371
29.31905174255371
29.31905174255371
22.030372619628906
22.030372619628906
22.030372619628906
22.030372619628906
22.030372619628906
22.030372619628906
22.650211334228516
22.650211334228516
22.650211334228516
22.650211334228516
22.650211334228516
27.725360870361328
27.725360870361328
27.725360870361328
27.725360870361328
31.74257469177246
31.74257469177246
31.74257469177246
31.74257469177246
33.95229721069336
33.95229721069336
33.95229721069336
33.95229721069336
36.512630462646484
36.512630462646484
36.512630462646484
37.964839935302734
37.964839935302734
37.964839935302734
37.964839935302734
40.03482437133789
40.03482437133789
40.03482437133789
40.94247817993164
40.94247817993164
40.94247817993164
43.501380920410156
43.501380920410156
43.501380920410156
44.104366302490234
44.104366302490234
44.104366302490234
45.147377014160156
45.147377014160156
45.147377014160156
47.35515213012695
47.35515213012695
47.35515213012695
47.59125518798828
47.59125518798828
48.95100402832031
48.95100402832031
48.95100402832031
50.61978530883789
50.61978530883789
50.61978530883789
50.35276794433594
50.35276794433594
51.958099365234375
51.958099365234375
51.958099365234375
52.16090393066406
52.16090393066406
53.71231460571289
53.71231460571289
53.71231460571289
53.66917037963867
53.66917037963867
56.00848388671875
56.00848388671875
56.00848388671875
55.821319580078125
55.821319580078125
56.10253143310547
56.10253143310547
57.951534271240234
57.951534271240234
57.951534271240234
57.502685546875
57.502685546875
58.3564338684082
58.3564338684082
59.60581588745117
59.60581588745117
58.61238479614258
58.61238479614258
58.61238479614258
59.9803581237793
59.9803581237793
59.65903091430664
59.65903091430664
60.90986251831055
60.90986251831055
60.41421127319336
60.41421127319336
62.6811637878418
62.6811637878418
62.6811637878418
61.98341369628906
61.98341369628906
62.09862518310547
62.09862518310547
63.696964263916016
63.696964263916016
63.03596115112305
63.03596115112305
63.57575607299805
63.57575607299805
64.87195587158203
64.87195587158203
63.45500183105469
63.45500183105469
64.68355560302734
64.68355560302734
64.18647003173828
64.18647003173828
65.31584930419922
65.31584930419922
64.5585708618164
64.5585708618164
66.81812286376953
66.81812286376953
66.81812286376953
66.02581024169922
66.02581024169922
65.76586151123047
65.76586151123047
67.42494201660156
67.42494201660156
66.41960144042969
66.41960144042969
67.01918029785156
68.04289245605469
68.04289245605469
68.04289245605469
66.48568725585938
66.48568725585938
66.09111785888672
66.09111785888672
61.98341369628906
61.98341369628906
59.13107681274414
59.13107681274414
53.755531311035156
53.755531311035156
53.755531311035156
51.31959915161133
51.31959915161133
51.31959915161133
45.54745864868164
45.54745864868164
45.54745864868164
40.37348556518555
40.37348556518555
40.37348556518555
40.37348556518555
35.20448684692383
35.20448684692383
35.20448684692383
35.20448684692383
35.20448684692383
28.988338470458984
28.988338470458984
28.988338470458984
28.988338470458984
28.988338470458984
28.988338470458984
21.793256759643555
21.793256759643555
21.793256759643555
21.793256759643555
21.793256759643555
21.793256759643555
23.41209602355957
23.41209602355957
23.41209602355957
23.41209602355957
27.702369689941406
27.702369689941406
27.702369689941406
27.702369689941406
27.702369689941406
31.517980575561523
31.517980575561523
31.517980575561523
31.517980575561523
34.05612564086914
34.05612564086914
34.05612564086914
36.693092346191406
36.693092346191406
36.693092346191406
36.693092346191406
38.0296630859375
38.0296630859375
38.0296630859375
40.74275588989258
40.74275588989258
40.74275588989258
41.553558349609375
41.553558349609375
41.553558349609375
42.5864372253418
42.5864372253418
42.5864372253418
44.9046516418457
44.9046516418457
44.9046516418457
45.23908233642578
45.23908233642578
45.23908233642578
46.693302154541016
46.693302154541016
46.693302154541016
48.454036712646484
48.454036712646484
48.454036712646484
48.34885787963867
48.34885787963867
50.051025390625
50.051025390625
50.051025390625
50.39073944091797
50.39073944091797
50.39073944091797
51.998538970947266
51.998538970947266
52.120216369628906
52.120216369628906
52.120216369628906
54.500911712646484
54.500911712646484
54.45649337768555
54.45649337768555
54.81387710571289
54.81387710571289
54.81387710571289
56.62552261352539
56.62552261352539
56.33905792236328
56.33905792236328
57.15835952758789
57.15835952758789
57.15835952758789
58.66384506225586
58.66384506225586
57.651527404785156
57.651527404785156
58.92250442504883
58.92250442504883
58.92250442504883
58.767032623291016
58.767032623291016
59.9803581237793
59.9803581237793
59.55269241333008
59.55269241333008
61.925968170166016
61.925968170166016
61.18875503540039
61.18875503540039
61.18875503540039
61.35731887817383
61.35731887817383
62.91725158691406
62.91725158691406
62.27224349975586
62.27224349975586
62.9765510559082
62.9765510559082
64.12487030029297
64.12487030029297
62.79898452758789
62.79898452758789
64.12487030029297
64.12487030029297
63.57575607299805
63.57575607299805
64.68355560302734
64.68355560302734
64.68355560302734
64.06339263916016
64.06339263916016
66.2878189086914
66.2878189086914
65.5079574584961
65.5079574584961
65.31584930419922
65.31584930419922
66.9520263671875
66.9520263671875
66.09111785888672
66.09111785888672
66.55191040039062
66.55191040039062
67.69819641113281
67.69819641113281
66.09111785888672
66.09111785888672
67.28914642333984
67.28914642333984
66.68474578857422
66.68474578857422
66.81812286376953
66.81812286376953
63.09548568725586
63.09548568725586
61.583518981933594
61.583518981933594
56.24420928955078
56.24420928955078
56.24420928955078
51.67681121826172
51.67681121826172
51.67681121826172
47.72722625732422
47.72722625732422
47.72722625732422
42.5593147277832
42.5593147277832
42.5593147277832
37.20384979248047
37.20384979248047
37.20384979248047
37.20384979248047
37.20384979248047
31.848482131958008
31.848482131958008
31.848482131958008
31.848482131958008
31.848482131958008
23.37932777404785
23.37932777404785
23.37932777404785
23.37932777404785
23.37932777404785
23.37932777404785
23.37932777404785
20.572080612182617
20.572080612182617
20.572080612182617
20.572080612182617
20.572080612182617
24.710844039916992
24.710844039916992
24.710844039916992
24.710844039916992
24.710844039916992
29.1782169342041
29.1782169342041
29.1782169342041
29.1782169342041
32.20150375366211
32.20150375366211
32.20150375366211
32.20150375366211
35.617332458496094
35.617332458496094
35.617332458496094
37.16246795654297
37.16246795654297
37.16246795654297
37.16246795654297
38.62318801879883
38.62318801879883
38.62318801879883
41.11884307861328
41.11884307861328
41.11884307861328
41.683170318603516
41.683170318603516
41.683170318603516
43.30403137207031
43.30403137207031
43.30403137207031
45.20846939086914
45.20846939086914
45.20846939086914
45.331153869628906
45.331153869628906
45.331153869628906
47.12138366699219
47.12138366699219
47.12138366699219
47.69316482543945
47.69316482543945
47.69316482543945
49.38515853881836
49.38515853881836
49.67890167236328
49.67890167236328
49.67890167236328
52.120216369628906
52.120216369628906
52.242469787597656
52.242469787597656
52.242469787597656
52.73727035522461
52.73727035522461
54.6793098449707
54.6793098449707
54.6793098449707
54.45649337768555
54.45649337768555
55.450721740722656
55.450721740722656
55.450721740722656
56.914920806884766
56.914920806884766
56.05546951293945
56.05546951293945
57.45323944091797
57.45323944091797
57.45323944091797
57.35460662841797
57.35460662841797
58.66384506225586
58.66384506225586
58.25468063354492
58.25468063354492
60.578529357910156
60.578529357910156
60.578529357910156
60.03424835205078
60.03424835205078
60.1423225402832
60.1423225402832
61.868629455566406
61.868629455566406
61.18875503540039
61.18875503540039
61.925968170166016
61.925968170166016
63.09548568725586
63.09548568725586
63.09548568725586
61.868629455566406
61.868629455566406
63.155120849609375
63.155120849609375
62.6811637878418
62.6811637878418
63.87965393066406
63.87965393066406
63.21487045288086
63.21487045288086
65.5079574584961
65.5079574584961
64.68355560302734
64.68355560302734
64.62100219726562
64.62100219726562
66.22212219238281
66.22212219238281
65.31584930419922
65.31584930419922
65.96063232421875
65.96063232421875
67.08646392822266
67.08646392822266
65.5079574584961
65.5079574584961
66.7513656616211
66.7513656616211
66.09111785888672
66.09111785888672
67.15389251708984
67.15389251708984
66.35364532470703
66.35364532470703
68.60176849365234
68.60176849365234
67.69819641113281
67.69819641113281
66.9520263671875
66.9520263671875
66.02581024169922
66.02581024169922
66.02581024169922
61.69724655151367
61.69724655151367
57.8511848449707
57.8511848449707
54.41215133666992
54.41215133666992
54.41215133666992
48.13985824584961
48.13985824584961
48.13985824584961
44.338497161865234
44.338497161865234
44.338497161865234
44.338497161865234
38.51188278198242
38.51188278198242
38.51188278198242
38.51188278198242
33.57694625854492
33.57694625854492
33.57694625854492
33.57694625854492
33.57694625854492
25.91858673095703
25.91858673095703
25.91858673095703
25.91858673095703
25.91858673095703
25.91858673095703
20.835086822509766
20.835086822509766
20.835086822509766
20.835086822509766
20.835086822509766
20.835086822509766
22.92216682434082
22.92216682434082
22.92216682434082
22.92216682434082
22.92216682434082
27.294984817504883
27.294984817504883
27.294984817504883
27.294984817504883
31.863672256469727
31.863672256469727
31.863672256469727
31.863672256469727
33.849098205566406
33.849098205566406
33.849098205566406
33.849098205566406
36.413143157958984
36.413143157958984
36.413143157958984
38.645530700683594
38.645530700683594
38.645530700683594
39.327911376953125
39.327911376953125
39.327911376953125
39.327911376953125
41.37344741821289
41.37344741821289
41.37344741821289
42.23648452758789
42.23648452758789
42.23648452758789
44.104366302490234
44.104366302490234
44.104366302490234
44.72431182861328
44.72431182861328
44.72431182861328
47.28812789916992
47.28812789916992
47.28812789916992
47.72722625732422
47.72722625732422
48.5596809387207
48.5596809387207
48.5596809387207
50.61978530883789
50.61978530883789
50.61978530883789
50.73509216308594
50.73509216308594
51.91773223876953
51.91773223876953
51.91773223876953
53.45449447631836
53.45449447631836
52.90428924560547
52.90428924560547
52.90428924560547
54.500911712646484
54.500911712646484
54.500911712646484
54.500911712646484
55.86799621582031
55.86799621582031
55.86799621582031
55.774723052978516
55.774723052978516
58.0522346496582
58.0522346496582
57.70131301879883
57.70131301879883
57.70131301879883
57.951534271240234
57.951534271240234
59.65903091430664
59.65903091430664
59.13107681274414
59.13107681274414
59.13107681274414
59.92655944824219
59.92655944824219
61.24483871459961
61.24483871459961
60.08823776245117
60.08823776245117
61.35731887817383
61.35731887817383
61.021114349365234
61.021114349365234
62.27224349975586
62.27224349975586
62.27224349975586
61.64033126831055
61.64033126831055
64.00202941894531
64.00202941894531
63.27473449707031
63.27473449707031
63.21487045288086
63.21487045288086
64.87195587158203
64.87195587158203
64.06339263916016
64.06339263916016
64.7462387084961
64.7462387084961
65.83065795898438
65.83065795898438
64.49625396728516
64.49625396728516
65.63665771484375
65.63665771484375
65.12487030029297
65.12487030029297
66.15655517578125
66.15655517578125
65.44380187988281
65.44380187988281
67.69819641113281
67.69819641113281
66.7513656616211
66.7513656616211
66.55191040039062
66.55191040039062
68.11225128173828
68.11225128173828
67.22144317626953
67.22144317626953
67.69819641113281
67.69819641113281
68.74292755126953
68.74292755126953
65.96063232421875
65.96063232421875
64.31002807617188
64.31002807617188
64.31002807617188
59.60581588745117
59.60581588745117
56.43422317504883
56.43422317504883
56.43422317504883
50.928443908691406
50.928443908691406
48.278987884521484
48.278987884521484
48.278987884521484
42.34354782104492
42.34354782104492
42.34354782104492
42.34354782104492
36.95692443847656
36.95692443847656
36.95692443847656
36.95692443847656
31.22342300415039
31.22342300415039
31.22342300415039
31.22342300415039
31.22342300415039
31.22342300415039
24.191932678222656
24.191932678222656
24.191932678222656
24.191932678222656
24.191932678222656
24.191932678222656
24.191932678222656
19.963584899902344
19.963584899902344
19.963584899902344
19.963584899902344
19.963584899902344
24.70170783996582
24.70170783996582
24.70170783996582
24.70170783996582
24.70170783996582
28.726619720458984
28.726619720458984
28.726619720458984
28.726619720458984
32.20150375366211
32.20150375366211
32.20150375366211
32.20150375366211
34.47787094116211
34.47787094116211
34.47787094116211
36.95692443847656
36.95692443847656
36.95692443847656
36.95692443847656
38.203617095947266
38.203617095947266
38.203617095947266
40.892364501953125
40.892364501953125
40.892364501953125
41.70918655395508
41.70918655395508
41.70918655395508
42.8046875
42.8046875
42.8046875
45.11688995361328
45.11688995361328
45.11688995361328
45.45450210571289
45.45450210571289
45.45450210571289
46.988834381103516
46.988834381103516
46.988834381103516
48.73677444458008
48.73677444458008
48.73677444458008
48.59499740600586
48.59499740600586
50.314849853515625
50.314849853515625
50.314849853515625
50.65816116333008
50.65816116333008
52.242469787597656
52.242469787597656
52.242469787597656
52.283348083496094
52.283348083496094
54.768951416015625
54.768951416015625
54.768951416015625
54.634605407714844
54.634605407714844
54.94911193847656
54.94911193847656
54.94911193847656
56.866485595703125
56.866485595703125
56.48192596435547
56.48192596435547
57.35460662841797
57.35460662841797
57.35460662841797
58.715396881103516
58.715396881103516
57.80113983154297
57.80113983154297
59.13107681274414
59.13107681274414
59.13107681274414
58.81876754760742
58.81876754760742
60.1423225402832
60.1423225402832
59.71234893798828
59.71234893798828
61.98341369628906
61.98341369628906
61.35731887817383
61.35731887817383
61.35731887817383
61.35731887817383
61.35731887817383
63.155120849609375
63.155120849609375
62.38853073120117
62.38853073120117
63.03596115112305
63.03596115112305
64.31002807617188
64.31002807617188
62.9765510559082
62.9765510559082
64.12487030029297
64.12487030029297
63.696964263916016
63.696964263916016
64.80904388427734
64.80904388427734
64.18647003173828
64.18647003173828
66.41960144042969
66.41960144042969
65.5722427368164
65.5722427368164
65.31584930419922
65.31584930419922
67.15389251708984
67.15389251708984
67.15389251708984
66.09111785888672
66.09111785888672
66.68474578857422
67.76685333251953
67.76685333251953
67.76685333251953
66.22212219238281
67.35697174072266
67.35697174072266
66.68474578857422
66.68474578857422
67.83565521240234
67.83565521240234
66.9520263671875
66.9520263671875
67.49304962158203
67.49304962158203
67.49304962158203
63.21487045288086
63.21487045288086
59.02660369873047
59.02660369873047
55.774723052978516
55.774723052978516
55.774723052978516
50.8896598815918
50.8896598815918
50.8896598815918
46.24091339111328
46.24091339111328
46.24091339111328
41.9448356628418
41.9448356628418
41.9448356628418
41.9448356628418
34.983306884765625
34.983306884765625
34.983306884765625
34.983306884765625
29.670568466186523
29.670568466186523
29.670568466186523
29.670568466186523
29.670568466186523
29.670568466186523
21.694194793701172
21.694194793701172
21.694194793701172
21.694194793701172
21.694194793701172
21.694194793701172
21.694194793701172
21.49183464050293
21.49183464050293
21.49183464050293
21.49183464050293
21.49183464050293
26.244352340698242
26.244352340698242
26.244352340698242
26.244352340698242
30.820165634155273
30.820165634155273
30.820165634155273
30.820165634155273
33.392364501953125
33.392364501953125
33.392364501953125
33.392364501953125
35.54155349731445
35.54155349731445
35.54155349731445
38.35712814331055
38.35712814331055
38.35712814331055
38.35712814331055
39.21250915527344
39.21250915527344
39.21250915527344
40.96757507324219
40.96757507324219
40.96757507324219
42.88711166381836
42.88711166381836
42.88711166381836
43.19206237792969
43.19206237792969
43.19206237792969
44.934844970703125
44.934844970703125
44.934844970703125
45.70322799682617
45.70322799682617
45.70322799682617
47.456050872802734
47.456050872802734
47.456050872802734
47.89829635620117
47.89829635620117
50.35276794433594
50.35276794433594
50.35276794433594
50.61978530883789
50.61978530883789
50.61978530883789
51.24089050292969
51.24089050292969
53.19913864135742
53.19913864135742
53.19913864135742
53.11456298828125
53.11456298828125
54.19150161743164
54.19150161743164
55.40473937988281
55.40473937988281
55.40473937988281
55.08501052856445
55.08501052856445
56.3865966796875
56.3865966796875
56.3865966796875
56.24420928955078
56.24420928955078
57.651527404785156
57.651527404785156
57.305419921875
57.305419921875
57.305419921875
59.65903091430664
59.65903091430664
59.07879638671875
59.07879638671875
59.34113693237305
59.34113693237305
61.021114349365234
61.021114349365234
60.41421127319336
60.41421127319336
60.41421127319336
61.13277053833008
61.13277053833008
62.38853073120117
62.38853073120117
61.24483871459961
61.24483871459961
62.38853073120117
62.38853073120117
62.09862518310547
62.09862518310547
63.155120849609375
63.155120849609375
63.155120849609375
62.6811637878418
62.6811637878418
64.87195587158203
64.87195587158203
64.12487030029297
64.12487030029297
64.06339263916016
64.06339263916016
65.76586151123047
65.76586151123047
64.80904388427734
64.80904388427734
65.5079574584961
65.5079574584961
66.6182632446289
66.6182632446289
65.12487030029297
65.12487030029297
66.2878189086914
66.2878189086914
65.70120239257812
65.70120239257812
66.88500213623047
66.88500213623047
65.96063232421875
65.96063232421875
68.32118225097656
68.32118225097656
67.35697174072266
67.35697174072266
67.08646392822266
67.08646392822266
68.67227172851562
68.67227172851562
66.02581024169922
66.02581024169922
63.155120849609375
63.155120849609375
60.19650650024414
60.19650650024414
60.19650650024414
54.1475830078125
54.1475830078125
50.73509216308594
50.73509216308594
50.73509216308594
45.20846939086914
45.20846939086914
45.20846939086914
45.20846939086914
41.043067932128906
41.043067932128906
41.043067932128906
34.49567413330078
34.49567413330078
34.49567413330078
34.49567413330078
34.49567413330078
29.591726303100586
29.591726303100586
29.591726303100586
29.591726303100586
29.591726303100586
29.591726303100586
21.575111389160156
21.575111389160156
21.575111389160156
21.575111389160156
21.575111389160156
21.575111389160156
22.339725494384766
22.339725494384766
22.339725494384766
22.339725494384766
22.339725494384766
27.98078727722168
27.98078727722168
27.98078727722168
27.98078727722168
30.962984085083008
30.962984085083008
30.962984085083008
30.962984085083008
34.195556640625
34.195556640625
34.195556640625
34.195556640625
36.89570236206055
36.89570236206055
36.89570236206055
37.878753662109375
37.878753662109375
37.878753662109375
37.878753662109375
39.91524887084961
39.91524887084961
39.91524887084961
40.892364501953125
40.892364501953125
40.892364501953125
42.74991989135742
42.74991989135742
42.74991989135742
43.473079681396484
43.473079681396484
43.473079681396484
45.9863166809082
45.9863166809082
45.9863166809082
46.49834060668945
46.49834060668945
46.49834060668945
47.35515213012695
47.35515213012695
49.45826721191406
49.45826721191406
49.45826721191406
49.60513687133789
49.60513687133789
49.60513687133789
50.8896598815918
50.8896598815918
52.44750213623047
52.44750213623047
52.44750213623047
52.03903579711914
52.03903579711914
53.58309555053711
53.58309555053711
53.58309555053711
53.66917037963867
53.66917037963867
55.175987243652344
55.175987243652344
55.175987243652344
54.99433898925781
54.99433898925781
57.35460662841797
57.35460662841797
57.060733795166016
57.060733795166016
57.060733795166016
57.305419921875
57.305419921875
59.07879638671875
59.07879638671875
58.50973892211914
58.50973892211914
59.44672393798828
59.44672393798828
59.44672393798828
60.63350296020508
60.63350296020508
59.55269241333008
59.55269241333008
60.85438919067383
60.85438919067383
60.4688835144043
60.4688835144043
61.811397552490234
61.811397552490234
61.811397552490234
61.18875503540039
61.18875503540039
63.51531982421875
63.51531982421875
62.79898452758789
62.79898452758789
62.79898452758789
62.79898452758789
64.4340591430664
64.4340591430664
63.696964263916016
63.696964263916016
64.37198638916016
64.37198638916016
65.44380187988281
65.44380187988281
64.12487030029297
64.12487030029297
65.25206756591797
65.25206756591797
65.25206756591797
64.7462387084961
64.7462387084961
65.96063232421875
65.96063232421875
65.06146240234375
65.06146240234375
67.42494201660156
67.42494201660156
66.48568725585938
66.48568725585938
66.41960144042969
66.41960144042969
67.83565521240234
67.83565521240234
66.9520263671875
66.9520263671875
67.49304962158203
68.18175506591797
68.18175506591797
68.18175506591797
65.25206756591797
65.25206756591797
63.03596115112305
63.03596115112305
58.40744400024414
58.40744400024414
55.130462646484375
55.130462646484375
55.130462646484375
49.56834030151367
49.56834030151367
49.56834030151367
46.7586555480957
46.7586555480957
46.7586555480957
40.74275588989258
40.74275588989258
40.74275588989258
40.74275588989258
35.185951232910156
35.185951232910156
35.185951232910156
35.185951232910156
35.185951232910156
29.140043258666992
29.140043258666992
29.140043258666992
29.140043258666992
29.140043258666992
29.140043258666992
21.914764404296875
21.914764404296875
21.914764404296875
21.914764404296875
21.914764404296875
21.914764404296875
20.71237564086914
20.71237564086914
20.71237564086914
20.71237564086914
20.71237564086914
25.828418731689453
25.828418731689453
25.828418731689453
25.828418731689453
25.828418731689453
29.539398193359375
29.539398193359375
29.539398193359375
29.539398193359375
32.882930755615234
32.882930755615234
32.882930755615234
32.882930755615234
35.00163269042969
35.00163269042969
35.00163269042969
37.39122772216797
37.39122772216797
37.39122772216797
37.39122772216797
38.62318801879883
38.62318801879883
38.62318801879883
41.29673767089844
41.29673767089844
41.29673767089844
42.076900482177734
42.076900482177734
42.076900482177734
43.19206237792969
43.19206237792969
43.19206237792969
45.42360305786133
45.42360305786133
45.42360305786133
45.79719924926758
45.79719924926758
45.79719924926758
47.28812789916992
47.28812789916992
47.28812789916992
48.95100402832031
48.95100402832031
48.84365463256836
48.84365463256836
48.84365463256836
50.5050048828125
50.5050048828125
50.5050048828125
50.850929260253906
50.850929260253906
52.406368255615234
52.406368255615234
52.406368255615234
52.488704681396484
52.488704681396484
54.903961181640625
54.903961181640625
54.903961181640625
54.724090576171875
54.724090576171875
55.175987243652344
55.175987243652344
56.914920806884766
56.914920806884766
56.914920806884766
56.57757568359375
56.57757568359375
57.502685546875
57.502685546875
58.87058639526367
58.87058639526367
58.87058639526367
57.80113983154297
57.80113983154297
59.235923767089844
59.235923767089844
58.92250442504883
58.92250442504883
60.19650650024414
60.19650650024414
60.19650650024414
59.76576232910156
59.76576232910156
62.04096603393555
62.04096603393555
61.470211029052734
61.470211029052734
61.470211029052734
61.470211029052734
63.155120849609375
63.155120849609375
62.44684600830078
62.44684600830078
62.44684600830078
63.09548568725586
63.09548568725586
64.37198638916016
64.37198638916016
62.9765510559082
62.9765510559082
64.18647003173828
64.18647003173828
63.757747650146484
63.757747650146484
64.87195587158203
64.87195587158203
64.2481918334961
64.2481918334961
66.41960144042969
66.41960144042969
65.63665771484375
65.63665771484375
65.5079574584961
65.5079574584961
67.08646392822266
67.08646392822266
66.15655517578125
66.15655517578125
66.7513656616211
66.7513656616211
67.83565521240234
67.83565521240234
66.22212219238281
66.22212219238281
67.42494201660156
67.42494201660156
66.7513656616211
66.7513656616211
67.90459442138672
67.90459442138672
66.88500213623047
66.88500213623047
68.11225128173828
68.11225128173828
63.87965393066406
63.87965393066406
59.872867584228516
59.872867584228516
59.872867584228516
56.62552261352539
56.62552261352539
51.67681121826172
51.67681121826172
51.67681121826172
47.088172912597656
47.088172912597656
47.088172912597656
42.85960388183594
42.85960388183594
42.85960388183594
42.85960388183594
35.92372131347656
35.92372131347656
35.92372131347656
35.92372131347656
30.76340675354004
30.76340675354004
30.76340675354004
30.76340675354004
30.76340675354004
30.76340675354004
23.04867935180664
23.04867935180664
23.04867935180664
23.04867935180664
23.04867935180664
23.04867935180664
22.220857620239258
22.220857620239258
22.220857620239258
22.220857620239258
22.220857620239258
26.557281494140625
26.557281494140625
26.557281494140625
26.557281494140625
26.557281494140625
31.107131958007812
31.107131958007812
31.107131958007812
33.7294921875
33.7294921875
33.7294921875
33.7294921875
35.885135650634766
35.885135650634766
35.885135650634766
35.885135650634766
38.71269989013672
38.71269989013672
38.71269989013672
39.537349700927734
39.537349700927734
39.537349700927734
41.2712287902832
41.2712287902832
41.2712287902832
43.16415786743164
43.16415786743164
43.16415786743164
43.388389587402344
43.388389587402344
43.388389587402344
45.17790222167969
45.17790222167969
45.17790222167969
45.82861328125
45.82861328125
45.82861328125
47.59125518798828
47.59125518798828
47.59125518798828
47.96706008911133
47.96706008911133
47.96706008911133
50.5050048828125
50.5050048828125
50.65816116333008
50.65816116333008
50.65816116333008
51.31959915161133
51.31959915161133
53.28398895263672
53.28398895263672
53.28398895263672
53.15681457519531
53.15681457519531
54.323673248291016
54.323673248291016
54.323673248291016
55.63540267944336
55.63540267944336
54.99433898925781
54.99433898925781
56.3865966796875
56.3865966796875
56.3865966796875
56.3865966796875
56.3865966796875
57.70131301879883
57.70131301879883
57.305419921875
57.305419921875
57.305419921875
59.76576232910156
59.76576232910156
59.13107681274414
59.13107681274414
59.44672393798828
59.44672393798828
61.021114349365234
61.021114349365234
61.021114349365234
60.4688835144043
60.4688835144043
61.18875503540039
61.18875503540039
62.44684600830078
62.44684600830078
61.18875503540039
61.18875503540039
62.505252838134766
62.505252838134766
62.04096603393555
62.04096603393555
62.04096603393555
63.27473449707031
63.27473449707031
62.62241744995117
62.62241744995117
64.93500518798828
64.93500518798828
64.12487030029297
64.12487030029297
64.12487030029297
64.12487030029297
65.76586151123047
65.76586151123047
64.93500518798828
64.93500518798828
65.5079574584961
65.5079574584961
66.68474578857422
66.68474578857422
65.18840789794922
65.18840789794922
66.35364532470703
66.35364532470703
65.83065795898438
65.83065795898438
66.88500213623047
66.88500213623047
66.02581024169922
66.02581024169922
68.39111328125
68.39111328125
67.35697174072266
67.35697174072266
66.02581024169922
66.02581024169922
64.4340591430664
64.4340591430664
60.03424835205078
60.03424835205078
60.03424835205078
55.96157455444336
55.96157455444336
52.488704681396484
52.488704681396484
52.488704681396484
46.20893478393555
46.20893478393555
46.20893478393555
42.370399475097656
42.370399475097656
42.370399475097656
42.370399475097656
36.33394241333008
36.33394241333008
36.33394241333008
36.33394241333008
31.107131958007812
31.107131958007812
31.107131958007812
31.107131958007812
31.107131958007812
31.107131958007812
22.9615535736084
22.9615535736084
22.9615535736084
22.9615535736084
22.9615535736084
22.9615535736084
22.83599281311035
22.83599281311035
22.83599281311035
22.83599281311035
22.83599281311035
27.106740951538086
27.106740951538086
27.106740951538086
27.106740951538086
30.706857681274414
30.706857681274414
30.706857681274414
30.706857681274414
34.5849494934082
34.5849494934082
34.5849494934082
34.5849494934082
36.098392486572266
36.098392486572266
36.098392486572266
38.335121154785156
38.335121154785156
38.335121154785156
38.335121154785156
40.44680404663086
40.44680404663086
40.44680404663086
40.91740036010742
40.91740036010742
40.91740036010742
42.72258377075195
42.72258377075195
42.72258377075195
43.529720306396484
43.529720306396484
43.529720306396484
45.30042266845703
45.30042266845703
45.30042266845703
45.82861328125
45.82861328125
45.82861328125
48.34885787963867
48.34885787963867
48.34885787963867
48.66577911376953
48.66577911376953
49.45826721191406
49.45826721191406
49.45826721191406
51.47774887084961
51.47774887084961
51.43811798095703
51.43811798095703
51.43811798095703
52.654151916503906
52.654151916503906
54.10374069213867
54.10374069213867
54.10374069213867
53.540157318115234
53.540157318115234
55.039634704589844
55.039634704589844
55.039634704589844
55.039634704589844
55.039634704589844
56.48192596435547
56.48192596435547
56.48192596435547
56.19690704345703
56.19690704345703
58.56101989746094
58.56101989746094
58.15327835083008
58.15327835083008
58.3564338684082
58.3564338684082
58.3564338684082
60.08823776245117
60.08823776245117
59.49966049194336
59.49966049194336
60.3051643371582
60.3051643371582
61.583518981933594
61.583518981933594
60.41421127319336
60.41421127319336
60.41421127319336
61.69724655151367
61.69724655151367
61.24483871459961
61.24483871459961
62.56378173828125
62.56378173828125
61.925968170166016
61.925968170166016
64.2481918334961
64.2481918334961
63.45500183105469
63.45500183105469
63.45500183105469
63.45500183105469
65.12487030029297
65.12487030029297
65.12487030029297
64.31002807617188
64.31002807617188
64.93500518798828
64.93500518798828
66.09111785888672
66.09111785888672
64.62100219726562
64.62100219726562
65.83065795898438
65.83065795898438
65.31584930419922
65.31584930419922
66.41960144042969
66.41960144042969
65.5722427368164
65.5722427368164
67.90459442138672
67.90459442138672
66.88500213623047
66.88500213623047
66.7513656616211
66.7513656616211
68.25139617919922
68.25139617919922
65.44380187988281
65.44380187988281
62.3303337097168
62.3303337097168
59.235923767089844
59.235923767089844
59.235923767089844
53.19913864135742
53.19913864135742
49.641990661621094
49.641990661621094
49.641990661621094
44.19187545776367
44.19187545776367
44.19187545776367
44.19187545776367
39.86761474609375
39.86761474609375
39.86761474609375
39.86761474609375
33.25939178466797
33.25939178466797
33.25939178466797
33.25939178466797
33.25939178466797
28.2052001953125
28.2052001953125
28.2052001953125
28.2052001953125
28.2052001953125
28.2052001953125
20.77031898498535
20.77031898498535
20.77031898498535
20.77031898498535
20.77031898498535
20.77031898498535
23.168556213378906
23.168556213378906
23.168556213378906
23.168556213378906
28.689619064331055
28.689619064331055
28.689619064331055
28.689619064331055
28.689619064331055
31.47344207763672
31.47344207763672
31.47344207763672
34.53132629394531
34.53132629394531
34.53132629394531
34.53132629394531
37.20384979248047
37.20384979248047
37.20384979248047
37.20384979248047
38.1381950378418
38.1381950378418
38.1381950378418
40.13100051879883
40.13100051879883
40.13100051879883
41.06829833984375
41.06829833984375
41.06829833984375
42.9698486328125
42.9698486328125
42.9698486328125
43.64344787597656
43.64344787597656
43.64344787597656
46.145111083984375
46.145111083984375
46.145111083984375
46.59562301635742
46.59562301635742
46.59562301635742
47.523555755615234
47.523555755615234
47.523555755615234
49.641990661621094
49.641990661621094
49.71586227416992
49.71586227416992
49.71586227416992
51.00619888305664
51.00619888305664
52.52996826171875
52.52996826171875
52.52996826171875
52.120216369628906
52.120216369628906
52.120216369628906
53.6260986328125
53.6260986328125
53.798805236816406
53.798805236816406
55.26726150512695
55.26726150512695
55.26726150512695
55.039634704589844
55.039634704589844
57.45323944091797
57.45323944091797
57.45323944091797
57.060733795166016
57.060733795166016
57.35460662841797
57.35460662841797
59.13107681274414
59.13107681274414
58.61238479614258
58.61238479614258
58.61238479614258
59.49966049194336
59.49966049194336
60.68857192993164
60.68857192993164
59.60581588745117
59.60581588745117
60.96543502807617
60.96543502807617
60.3051643371582
60.3051643371582
60.3051643371582
62.04096603393555
62.04096603393555
61.18875503540039
61.18875503540039
63.63630676269531
63.63630676269531
62.79898452758789
62.79898452758789
62.858062744140625
62.858062744140625
64.5585708618164
64.5585708618164
63.63630676269531
63.63630676269531
64.37198638916016
64.37198638916016
65.5722427368164
65.5722427368164
65.5722427368164
64.18647003173828
64.18647003173828
65.31584930419922
65.31584930419922
64.7462387084961
64.7462387084961
65.96063232421875
65.96063232421875
65.18840789794922
65.18840789794922
67.42494201660156
67.42494201660156
66.55191040039062
66.55191040039062
66.41960144042969
66.41960144042969
67.90459442138672
67.90459442138672
67.01918029785156
67.01918029785156
67.49304962158203
67.49304962158203
68.46118927001953
68.46118927001953
65.31584930419922
65.31584930419922
63.27473449707031
63.27473449707031
58.61238479614258
58.61238479614258
55.175987243652344
55.175987243652344
55.175987243652344
50.0135612487793
50.0135612487793
50.0135612487793
47.05501174926758
47.05501174926758
47.05501174926758
41.043067932128906
41.043067932128906
41.043067932128906
41.043067932128906
35.466094970703125
35.466094970703125
35.466094970703125
35.466094970703125
35.466094970703125
29.539398193359375
29.539398193359375
29.539398193359375
29.539398193359375
29.539398193359375
29.539398193359375
22.41466522216797
22.41466522216797
22.41466522216797
22.41466522216797
22.41466522216797
22.41466522216797
20.91333770751953
20.91333770751953
20.91333770751953
20.91333770751953
20.91333770751953
25.96895408630371
25.96895408630371
25.96895408630371
25.96895408630371
25.96895408630371
29.644241333007812
29.644241333007812
29.644241333007812
29.644241333007812
32.99660110473633
32.99660110473633
32.99660110473633
35.14893341064453
35.14893341064453
35.14893341064453
35.14893341064453
37.517189025878906
37.517189025878906
37.517189025878906
38.71269989013672
38.71269989013672
38.71269989013672
38.71269989013672
41.32227325439453
41.32227325439453
41.32227325439453
42.103416442871094
42.103416442871094
42.103416442871094
43.220001220703125
43.220001220703125
43.220001220703125
45.45450210571289
45.45450210571289
45.45450210571289
45.79719924926758
45.79719924926758
45.79719924926758
47.32161331176758
47.32161331176758
49.022830963134766
49.022830963134766
49.022830963134766
48.84365463256836
48.84365463256836
48.84365463256836
50.5050048828125
50.5050048828125
50.8896598815918
50.8896598815918
50.8896598815918
52.406368255615234
52.406368255615234
52.488704681396484
52.488704681396484
52.488704681396484
54.94911193847656
54.94911193847656
54.724090576171875
54.724090576171875
54.724090576171875
55.130462646484375
55.130462646484375
56.963443756103516
56.963443756103516
56.57757568359375
56.57757568359375
56.57757568359375
57.55221176147461
57.55221176147461
58.767032623291016
58.767032623291016
57.90132141113281
57.90132141113281
57.90132141113281
59.288482666015625
59.288482666015625
58.87058639526367
58.87058639526367
60.3051643371582
60.3051643371582
59.71234893798828
59.71234893798828
62.09862518310547
62.09862518310547
62.09862518310547
61.41371536254883
61.41371536254883
61.52681350708008
61.52681350708008
63.21487045288086
63.21487045288086
62.44684600830078
62.44684600830078
63.09548568725586
63.09548568725586
64.4340591430664
64.4340591430664
62.9765510559082
62.9765510559082
64.2481918334961
64.2481918334961
64.2481918334961
63.757747650146484
63.757747650146484
64.93500518798828
64.93500518798828
64.2481918334961
64.2481918334961
66.48568725585938
66.48568725585938
65.70120239257812
65.70120239257812
65.5079574584961
65.5079574584961
67.15389251708984
67.15389251708984
66.22212219238281
66.22212219238281
66.7513656616211
66.7513656616211
67.90459442138672
67.90459442138672
66.35364532470703
66.35364532470703
67.42494201660156
67.42494201660156
66.81812286376953
66.81812286376953
67.97367095947266
67.97367095947266
66.9520263671875
66.9520263671875
67.42494201660156
67.42494201660156
62.9765510559082
62.9765510559082
58.715396881103516
58.715396881103516
58.715396881103516
55.40473937988281
55.40473937988281
50.39073944091797
50.39073944091797
50.39073944091797
45.7345085144043
45.7345085144043
45.7345085144043
41.34784698486328
41.34784698486328
41.34784698486328
41.34784698486328
34.33613586425781
34.33613586425781
34.33613586425781
34.33613586425781
34.33613586425781
28.975767135620117
28.975767135620117
28.975767135620117
28.975767135620117
28.975767135620117
28.975767135620117
21.05834197998047
21.05834197998047
21.05834197998047
21.05834197998047
21.05834197998047
21.05834197998047
22.176607131958008
22.176607131958008
22.176607131958008
22.176607131958008
22.176607131958008
26.953657150268555
26.953657150268555
26.953657150268555
26.953657150268555
31.443819046020508
31.443819046020508
31.443819046020508
31.443819046020508
33.93505096435547
33.93505096435547
33.93505096435547
33.93505096435547
36.00114059448242
36.00114059448242
36.00114059448242
38.757606506347656
38.757606506347656
38.757606506347656
38.757606506347656
39.60765838623047
39.60765838623047
39.60765838623047
41.29673767089844
41.29673767089844
41.29673767089844
43.220001220703125
43.220001220703125
43.220001220703125
43.473079681396484
43.473079681396484
43.473079681396484
45.26972961425781
45.26972961425781
45.26972961425781
45.891563415527344
45.891563415527344
45.891563415527344
47.72722625732422
47.72722625732422
47.72722625732422
48.070587158203125
48.070587158203125
50.61978530883789
50.61978530883789
50.61978530883789
50.773643493652344
50.773643493652344
50.773643493652344
51.398555755615234
51.398555755615234
53.41176986694336
53.41176986694336
53.41176986694336
53.28398895263672
53.28398895263672
54.323673248291016
54.323673248291016
55.821319580078125
55.821319580078125
55.821319580078125
55.08501052856445
55.08501052856445
56.48192596435547
56.48192596435547
56.48192596435547
56.43422317504883
56.43422317504883
57.751182556152344
57.751182556152344
57.40388107299805
57.40388107299805
59.76576232910156
59.76576232910156
59.76576232910156
59.288482666015625
59.288482666015625
59.44672393798828
59.44672393798828
61.07688903808594
61.07688903808594
60.578529357910156
60.578529357910156
60.578529357910156
61.18875503540039
61.18875503540039
62.56378173828125
62.56378173828125
61.24483871459961
61.24483871459961
62.56378173828125
62.56378173828125
62.09862518310547
62.09862518310547
63.394798278808594
63.394798278808594
62.6811637878418
62.6811637878418
65.06146240234375
65.06146240234375
65.06146240234375
64.31002807617188
64.31002807617188
64.12487030029297
64.12487030029297
65.83065795898438
65.83065795898438
64.93500518798828
64.93500518798828
65.63665771484375
65.63665771484375
66.7513656616211
66.7513656616211
65.25206756591797
65.25206756591797
66.41960144042969
66.41960144042969
65.83065795898438
65.83065795898438
66.9520263671875
66.9520263671875
66.15655517578125
66.15655517578125
68.39111328125
68.39111328125
67.42494201660156
67.42494201660156
67.15389251708984
67.15389251708984
66.9520263671875
66.9520263671875
63.09548568725586
63.09548568725586
59.34113693237305
59.34113693237305
59.34113693237305
55.96157455444336
55.96157455444336
49.75288009643555
49.75288009643555
49.75288009643555
45.95469284057617
45.95469284057617
45.95469284057617
40.25188064575195
40.25188064575195
40.25188064575195
40.25188064575195
35.52265548706055
35.52265548706055
35.52265548706055
35.52265548706055
35.52265548706055
28.312761306762695
28.312761306762695
28.312761306762695
28.312761306762695
28.312761306762695
28.312761306762695
22.59659194946289
22.59659194946289
22.59659194946289
22.59659194946289
22.59659194946289
22.59659194946289
21.8574161529541
21.8574161529541
21.8574161529541
21.8574161529541
21.8574161529541
26.327075958251953
26.327075958251953
26.327075958251953
26.327075958251953
31.13612174987793
31.13612174987793
31.13612174987793
31.13612174987793
33.34237289428711
33.34237289428711
33.34237289428711
33.34237289428711
36.00114059448242
36.00114059448242
36.00114059448242
36.00114059448242
38.35712814331055
38.35712814331055
38.35712814331055
39.074928283691406
39.074928283691406
39.074928283691406
41.01787567138672
41.01787567138672
41.01787567138672
41.918521881103516
41.918521881103516
41.918521881103516
43.78644943237305
43.78644943237305
43.78644943237305
44.397422790527344
44.397422790527344
44.397422790527344
46.92283630371094
46.92283630371094
46.92283630371094
47.35515213012695
47.35515213012695
47.35515213012695
48.278987884521484
48.278987884521484
48.278987884521484
50.2769889831543
50.2769889831543
50.39073944091797
50.39073944091797
50.39073944091797
51.59700012207031
51.59700012207031
53.11456298828125
53.11456298828125
53.11456298828125
52.654151916503906
52.654151916503906
54.1475830078125
54.1475830078125
54.1475830078125
54.2354850769043
54.2354850769043
55.63540267944336
55.63540267944336
55.63540267944336
55.450721740722656
55.450721740722656
57.90132141113281
57.90132141113281
57.45323944091797
57.45323944091797
57.45323944091797
57.70131301879883
57.70131301879883
59.44672393798828
59.44672393798828
58.87058639526367
58.87058639526367
59.81926345825195
59.81926345825195
60.90986251831055
60.90986251831055
60.90986251831055
59.92655944824219
59.92655944824219
61.18875503540039
61.18875503540039
60.799015045166016
60.799015045166016
62.09862518310547
62.09862518310547
61.470211029052734
61.470211029052734
61.470211029052734
63.81864547729492
63.81864547729492
63.03596115112305
63.03596115112305
63.09548568725586
63.09548568725586
64.68355560302734
64.68355560302734
63.9407844543457
63.9407844543457
64.62100219726562
64.62100219726562
65.63665771484375
65.63665771484375
64.37198638916016
64.37198638916016
65.5079574584961
65.5079574584961
64.9981689453125
64.9981689453125
66.15655517578125
66.15655517578125
65.31584930419922
65.31584930419922
67.62967681884766
67.62967681884766
66.68474578857422
66.68474578857422
66.6182632446289
66.6182632446289
68.11225128173828
68.11225128173828
67.08646392822266
67.08646392822266
67.69819641113281
67.69819641113281
68.60176849365234
68.60176849365234
65.44380187988281
65.44380187988281
63.45500183105469
63.45500183105469
63.45500183105469
58.87058639526367
58.87058639526367
55.63540267944336
55.63540267944336
55.63540267944336
50.0135612487793
50.0135612487793
47.088172912597656
47.088172912597656
47.088172912597656
47.088172912597656
41.06829833984375
41.06829833984375
41.06829833984375
35.466094970703125
35.466094970703125
35.466094970703125
35.466094970703125
35.466094970703125
29.552461624145508
29.552461624145508
29.552461624145508
29.552461624145508
29.552461624145508
29.552461624145508
22.161897659301758
22.161897659301758
22.161897659301758
22.161897659301758
22.161897659301758
22.161897659301758
22.161897659301758
20.297119140625
20.297119140625
20.297119140625
20.297119140625
20.297119140625
25.45452308654785
25.45452308654785
25.45452308654785
25.45452308654785
29.267683029174805
29.267683029174805
29.267683029174805
29.267683029174805
29.267683029174805
32.70588302612305
32.70588302612305
32.70588302612305
34.855567932128906
34.855567932128906
34.855567932128906
34.855567932128906
37.30771255493164
37.30771255493164
37.30771255493164
38.48970031738281
38.48970031738281
38.48970031738281
38.48970031738281
41.144161224365234
41.144161224365234
41.144161224365234
41.9448356628418
41.9448356628418
41.9448356628418
43.08066940307617
43.08066940307617
43.08066940307617
45.30042266845703
45.30042266845703
45.30042266845703
45.6719856262207
45.6719856262207
45.6719856262207
47.22128677368164
47.22128677368164
48.915164947509766
48.915164947509766
48.915164947509766
48.807979583740234
48.807979583740234
48.807979583740234
50.466854095458984
50.466854095458984
50.850929260253906
50.850929260253906
50.850929260253906
52.36529541015625
52.36529541015625
52.52996826171875
52.52996826171875
52.52996826171875
54.903961181640625
54.903961181640625
54.81387710571289
54.81387710571289
54.81387710571289
55.130462646484375
55.130462646484375
57.060733795166016
57.060733795166016
56.67354965209961
56.67354965209961
56.67354965209961
57.55221176147461
57.55221176147461
58.92250442504883
58.92250442504883
57.951534271240234
57.951534271240234
57.951534271240234
59.288482666015625
59.288482666015625
59.02660369873047
59.02660369873047
60.3051643371582
60.3051643371582
59.81926345825195
59.81926345825195
62.214263916015625
62.214263916015625
62.214263916015625
61.52681350708008
61.52681350708008
61.583518981933594
61.583518981933594
63.334712982177734
63.334712982177734
62.56378173828125
62.56378173828125
63.27473449707031
63.27473449707031
64.4340591430664
64.4340591430664
63.155120849609375
63.155120849609375
64.31002807617188
64.31002807617188
64.31002807617188
63.9407844543457
63.9407844543457
64.9981689453125
64.9981689453125
64.4340591430664
64.4340591430664
66.6182632446289
66.6182632446289
65.76586151123047
65.76586151123047
65.70120239257812
65.70120239257812
67.28914642333984
67.28914642333984
66.35364532470703
66.35364532470703
66.88500213623047
66.88500213623047
68.11225128173828
68.11225128173828
66.41960144042969
66.41960144042969
67.62967681884766
67.62967681884766
66.9520263671875
66.9520263671875
68.11225128173828
68.11225128173828
67.15389251708984
67.15389251708984
68.88465881347656
68.88465881347656
65.06146240234375
65.06146240234375
61.301025390625
61.301025390625
58.15327835083008
58.15327835083008
58.15327835083008
53.24153137207031
53.24153137207031
48.7723503112793
48.7723503112793
48.7723503112793
44.694393157958984
44.694393157958984
44.694393157958984
44.694393157958984
37.85729217529297
37.85729217529297
37.85729217529297
37.85729217529297
32.99660110473633
32.99660110473633
32.99660110473633
32.99660110473633
32.99660110473633
25.699277877807617
25.699277877807617
25.699277877807617
25.699277877807617
25.699277877807617
25.699277877807617
25.699277877807617
20.553096771240234
20.553096771240234
20.553096771240234
20.553096771240234
20.553096771240234
23.176593780517578
23.176593780517578
23.176593780517578
23.176593780517578
23.176593780517578
28.336774826049805
28.336774826049805
28.336774826049805
28.336774826049805
31.577560424804688
31.577560424804688
31.577560424804688
31.577560424804688
34.12569808959961
34.12569808959961
34.12569808959961
34.12569808959961
37.20384979248047
37.20384979248047
37.20384979248047
38.22547149658203
38.22547149658203
38.22547149658203
38.22547149658203
40.082855224609375
40.082855224609375
40.082855224609375
42.05042266845703
42.05042266845703
42.05042266845703
42.370399475097656
42.370399475097656
42.370399475097656
44.22112274169922
44.22112274169922
44.22112274169922
44.934844970703125
44.934844970703125
44.934844970703125
46.7586555480957
46.7586555480957
46.7586555480957
47.22128677368164
47.22128677368164
49.71586227416992
49.71586227416992
49.71586227416992
49.97615432739258
49.97615432739258
49.97615432739258
50.65816116333008
50.65816116333008
52.654151916503906
52.654151916503906
52.654151916503906
52.61268997192383
52.61268997192383
53.755531311035156
53.755531311035156
53.755531311035156
55.130462646484375
55.130462646484375
54.500911712646484
54.500911712646484
54.500911712646484
55.96157455444336
55.96157455444336
55.91474151611328
55.91474151611328
57.25631332397461
57.25631332397461
57.25631332397461
57.012046813964844
57.012046813964844
59.34113693237305
59.34113693237305
58.767032623291016
58.767032623291016
59.13107681274414
59.13107681274414
59.13107681274414
60.743743896484375
60.743743896484375
60.1423225402832
60.1423225402832
60.90986251831055
60.90986251831055
62.214263916015625
62.214263916015625
60.96543502807617
60.96543502807617
60.96543502807617
62.214263916015625
62.214263916015625
61.811397552490234
61.811397552490234
63.09548568725586
63.09548568725586
62.44684600830078
62.44684600830078
64.7462387084961
64.7462387084961
64.00202941894531
64.00202941894531
64.00202941894531
64.00202941894531
65.5722427368164
65.5722427368164
64.80904388427734
64.80904388427734
65.3797607421875
65.3797607421875
66.55191040039062
66.55191040039062
65.06146240234375
65.06146240234375
66.2878189086914
66.2878189086914
65.63665771484375
